怪物ID	道具ID_1	概率_1	道具ID_2	概率_2	道具ID_3	概率_3	道具ID_4	概率_4	道具ID_5	概率_5	道具ID_6	概率_6	道具ID_7	概率_7	道具ID_8	概率_8	道具ID_9	概率_9	道具ID_10	概率_10
10101	301001	1	301002	2	301003	4	301004	8	301005	16
10102	302001	1	302002	2	302003	4	302004	8	302005	16
10103	303001	1	303002	2	303003	4	303004	8	303005	16
10104	304001	1	304002	2	304003	4	304004	8	304005	16
10105	305001	1	305002	2	305003	4	305004	8	305005	16
10106	306001	1	306002	2	306003	4	306004	8	306005	16
10107	307001	1	307002	2	307003	4	307004	8	307005	16
10108	308001	1	308002	2	308003	4	308004	8	308005	16
10109
10110
10111
10112
10113
10114
10115
10116
10117
10118
10119
10120
10121
10122
10123
10124
10125
20001	311001	4	311002	8	311003	16	311004	32	311005	64	309001	4	309002	8	309003	16	310001	4	310002	8
20002
20003
20004
20005
20006