ID	Name	photo	vocation	Lvl	Sale	coin	gold	作用	value	descr
201001	金创药(小)	201001	0	1	1	50	0	1100	50	立即恢复HP:50
201002	金创药(中)	201002	0	10	1	100	0	1100	100	立即恢复HP:100
201003	金创药(大)	201003	0	20	1	200	0	1100	200	立即恢复HP:200
201004	金创药(黄)	201004	0	40	1	400	0	1100	400	立即恢复HP:400
201005	金创药(玄)	201005	0	80	0	1000	0	1100	1000	立即恢复HP:1000
201006	金创药(地)	201006	0	150	0	3000	0	1100	3000	立即恢复HP:3000
201007	金创药(天)	201007	0	300	0	6000	0	1100	6000	立即恢复HP:6000
201008	金创药(荒)	0	0	400	0	10000	0	1100	10000	立即恢复HP:10000
201009	金创药(洪)	0	0	600	0	50000	0	1100	50000	立即恢复HP:50000
201010	金创药(宙)	0	0	800	0	100000	0	1100	100000	立即恢复HP:100000
201011	魔法药(小)	201011	0	1	1	50	0	1101	60	立即恢复MP:60
201012	魔法药(中)	201012	0	10	1	100	0	1101	120	立即恢复MP:120
201013	魔法药(大)	201013	0	20	1	200	0	1101	240	立即恢复MP:240
201014	魔法药(黄)	201014	0	40	1	400	0	1101	480	立即恢复MP:480
201015	魔法药(玄)	201015	0	80	0	1000	0	1101	1000	立即恢复MP:1000
201016	魔法药(地)	201016	0	150	0	3000	0	1101	3000	立即恢复MP:3000
201017	魔法药(天)	201017	0	300	0	6000	0	1101	6000	立即恢复MP:6000
201018	魔法药(荒)	0	0	400	0	10000	0	1101	10000	立即恢复MP:10000
201019	魔法药(洪)	0	0	600	0	50000	0	1101	50000	立即恢复MP:50000
201020	魔法药(宙)	0	0	800	0	100000	0	1101	100000	立即恢复MP:100000
202001	双倍经验	202001	0	1	0	100	5	5001	2	使用后获得双倍经验100次
202002	三倍经验	202002	0	1	0	100	10	5001	3	使用后获得三倍经验100次
202003	四倍经验	202003	0	1	0	100	50	5001	4	使用后获得四倍经验100次
202004	五倍经验	202004	0	1	0	100	100	5001	5	使用后获得五倍经验100次
202005	六倍经验	202005	0	1	0	100	200	5001	6	使用后获得六倍经验100次
202006	八倍经验	202006	0	1	0	100	400	5001	8	使用后获得八倍经验100次
202007	十倍经验	202007	0	1	0	100	800	5001	10	使用后获得十倍经验100次
202008	双倍声望	202008	0	1	0	100	5	5000	2	使用后获得双倍声望100次
202009	三倍声望	202009	0	1	0	100	10	5000	3	使用后获得三倍声望100次
202010	四倍声望	202010	0	1	0	100	50	5000	4	使用后获得四倍声望100次
202011	五倍声望	202011	0	1	0	100	100	5000	5	使用后获得五倍声望100次
202012	六倍声望	202012	0	1	0	100	200	5000	6	使用后获得六倍声望100次
202013	八倍声望	202013	0	1	0	100	400	5000	8	使用后获得八倍声望100次
202014	十倍声望	202014	0	1	0	100	800	5000	10	使用后获得十倍声望100次
202015	双倍暴率	202015	0	1	0	100	100	5002	2	使用后获得双倍暴率100次
202016	三倍暴率	202016	0	1	0	100	200	5002	3	使用后获得三倍暴率100次
202017	四倍暴率	202017	0	1	0	100	400	5002	4	使用后获得四倍暴率100次
202018	五倍暴率	202018	0	1	0	100	800	5002	5	使用后获得五倍暴率100次
203001	零星铜币	203001	0	1	0	11	0	1000	10	大洋10个
203002	小堆铜币	203002	0	1	0	22	0	1000	20	大洋20个
203003	大堆铜币	203003	0	1	0	55	0	1000	50	大洋50个
203004	零星银币	203004	0	1	0	110	0	1000	100	大洋100个
203005	小堆银币	203005	0	1	0	550	0	1000	500	大洋500个
203006	大堆银币	203006	0	1	0	1100	0	1000	1000	大洋1000个
203007	银元	203007	0	1	0	5500	0	1000	5000	大洋5000个
203008	零星金币	203008	0	1	0	11000	0	1000	10000	大洋10000个
203009	小堆金币	203009	0	1	0	55000	0	1000	50000	大洋50000个
203010	大堆金币	203010	0	1	0	110000	0	1000	100000	大洋100000个
203011	金元宝	203011	0	10	0	550000	0	1000	500000	大洋500000个
203012	金条	203012	0	30	0	1100000	0	1000	1000000	别说你不知道
203013	金砖	203013	0	50	0	5200000	0	1000	5000000	别说你不知道
203014	金盒	203014	0	70	0	11000000	0	1000	10000000	别说你不知道
203015	富贵满堂	203015	0	100	0	52000000	0	1000	50000000	别说你不知道
203016	一级声望卷	203016	0	1	0	100	0	1002	10	偶有传闻，声望+10
203017	二级声望卷	203017	0	1	0	100	0	1002	20	偶有传闻，声望+20
203018	三级声望卷	203018	0	1	0	100	0	1002	50	偶有传闻，声望+50
203019	四级声望卷	203019	0	1	0	100	0	1002	100	闯闯江湖，声望+100
203020	五级声望卷	203020	0	1	0	100	0	1002	200	闯闯江湖，声望+200
203021	六级声望卷	203021	0	1	0	100	0	1002	500	闯闯江湖，声望+500
203022	七级声望卷	203022	0	1	0	100	0	1002	1000	小有名气，声望+1000
203023	八级声望卷	203023	0	1	0	100	0	1002	2000	小有名气，声望+2000
203024	九级声望卷	203024	0	1	0	100	0	1002	5000	小有名气，声望+5000
203025	十级声望卷	203025	0	1	0	100	0	1002	10000	除魔卫道，声望+10000
203026	十一级声望卷	203026	0	10	0	100	0	1002	20000	除魔卫道，声望+20000
203027	十二级声望卷	203027	0	20	0	100	0	1002	50000	除魔卫道，声望+50000
203028	十三级声望卷	203028	0	30	0	100	0	1002	100000	匡扶正义，声望+100000
203029	十四级声望卷	203029	0	40	0	100	0	1002	200000	匡扶正义，声望+200000
203030	十五级声望卷	203030	0	50	0	100	0	1002	500000	匡扶正义，声望+500000
203031	10元宝	203031	0	1	0	100	11	1001	10	使用后获得元宝:10
203032	20元宝	203032	0	1	0	100	22	1001	20	使用后获得元宝:20
203033	30元宝	203033	0	1	0	100	33	1001	30	使用后获得元宝:30
203034	50元宝	203034	0	1	0	100	55	1001	50	使用后获得元宝:50
203035	100元宝	0	0	1	0	100	110	1001	100	使用后获得元宝:100
203036	200元宝	0	0	1	0	100	220	1001	200	使用后获得元宝:200
203037	500元宝	0	0	1	0	100	550	1001	500	使用后获得元宝:500
203038	1000元宝	0	0	1	0	100	1100	1001	1000	使用后获得元宝:1000
203039	2000元宝	0	0	1	0	100	2200	1001	2000	使用后获得元宝:2000
203040	5000元宝	0	0	1	0	100	5500	1001	5000	使用后获得元宝:5000
204001	混沌石	204001	0	1	0	500	0	5101	0	重置属性点
220001	火球术	220001	2	7	0	500	0	5100	0	《火球术》技能等级+1
220002	治愈术	220001	3	7	0	500	0	5100	0	《治愈术》技能等级+1
220003	基本剑术	220001	1	7	0	500	0	5100	0	《基本剑术》技能等级+1
220004	精神力战法	220001	3	9	0	500	0	5100	0	《精神力战法》技能等级+1
220005	大火球	220001	2	19	0	2000	0	5100	0	《大火球》技能等级+1
220006	攻杀剑术	220001	1	19	0	2000	0	5100	0	《攻杀剑术》技能等级+1
220007	施毒术	220001	3	14	0	1000	0	5100	0	《施毒术》技能等级+1
220008	抗拒火环	220001	2	12	0	500	0	5100	0	《抗拒火环》技能等级+1
220009	地狱火	220001	2	16	0	1000	0	5100	0	《地狱火》技能等级+1
220010	雷电术	220001	2	17	0	1000	0	5100	0	《雷电术》技能等级+1
220011	疾光电影	220001	2	26	0	9091	0	5100	0	《疾光电影》技能等级+1
220012	灵魂火符	220001	3	18	0	1000	0	5100	0	《灵魂火符》技能等级+1
220013	幽灵盾	220001	3	22	0	2727	0	5100	0	《幽灵盾》技能等级+1
220014	神圣战甲术	220001	3	25	0	4545	0	5100	0	《神圣战甲术》技能等级+1
220015	刺杀剑术	220001	1	25	0	4545	0	5100	0	《刺杀剑术》技能等级+1
220016	困魔咒	220001	3	28	0	8000	0	5100	0	《困魔咒》技能等级+1
220017	召唤骷髅	220001	3	19	0	2000	0	5100	0	《召唤骷髅》技能等级+1
220018	隐身术	220001	3	20	0	2000	0	5100	0	《隐身术》技能等级+1
220019	集体隐身术	220001	3	21	0	2727	0	5100	0	《集体隐身术》技能等级+1
220020	诱惑之光	220001	2	13	0	1000	0	5100	0	《诱惑之光》技能等级+1
220021	瞬息移动	220001	2	19	0	2000	0	5100	0	《瞬息移动》技能等级+1
220022	火墙	220001	2	24	0	4545	0	5100	0	《火墙》技能等级+1
220023	爆裂火焰	220001	2	22	0	2727	0	5100	0	《爆裂火焰》技能等级+1
220024	地狱雷光	220001	2	30	0	8000	0	5100	0	《地狱雷光》技能等级+1
220025	半月弯刀	220001	1	28	0	8000	0	5100	0	《半月弯刀》技能等级+1
220026	烈火剑法	220001	1	35	0	20000	0	5100	0	《烈火剑法》技能等级+1
220027	野蛮冲撞	220001	1	30	0	8000	0	5100	0	《野蛮冲撞》技能等级+1
220028	心灵启示	220001	3	26	0	9091	0	5100	0	《心灵启示》技能等级+1
220029	群体治疗术	220001	3	33	0	10000	0	5100	0	《群体治疗术》技能等级+1
220030	召唤神兽	220001	3	35	0	20000	0	5100	0	《召唤神兽》技能等级+1
220031	魔法盾	220001	2	31	0	10000	0	5100	0	《魔法盾》技能等级+1
220032	圣言术	220001	2	32	0	10000	0	5100	0	《圣言术》技能等级+1
220033	冰咆哮	220001	2	35	0	20000	0	5100	0	《冰咆哮》技能等级+1
221001	骷髅的怨恨	221001	0	1	0	50000	0	0	0	好想再看看当年种下的那颗树
221002	沃玛的沮丧	221002	0	1	0	50000	0	0	0	沃玛跪坐在祭坛旁边，一直盯着它。
221003	血魔的悲伤	221003	0	1	0	50000	0	0	0	我想平平凡凡地过日子
221004	金刚的狂暴	221004	0	1	0	50000	0	0	0	我不是怪物!
221005	黄泉的愤怒	221005	0	1	0	50000	0	0	0	祖玛，还我神格！
221006	虹魔的痛苦	221006	0	1	0	50000	0	0	0	如果当年我守住了城，是不是一切都不一样了
299001	鹿肉	299001	0	1	0	16	0	0	0	新鲜的鹿肉
299002	蟾酥	299002	0	1	0	16	0	0	0	蛤蟆
299003	树叶	299003	0	1	0	16	0	0	0	食人花
299004	蝎尾	299004	0	1	0	16	0	0	0	蝎子
299005	蛆卵	299005	0	1	0	16	0	0	0	洞蛆
299006	背刺	299006	0	1	0	16	0	0	0	暗黑战士
299007	蜘蛛牙齿	299007	0	1	0	16	0	0	0	毒蜘蛛
299008	蛇胆	299008	0	1	0	16	0	0	0	虎蛇、红蛇
299009	羽毛	299009	0	1	0	16	0	0	0	猎鹰
299010	天龙	299010	0	1	0	16	0	0	0	蜈蚣
299011	野猪镣牙	299011	0	1	0	16	0	0	0	红野猪，黑野猪
299012	蝶粉	299012	0	1	0	16	0	0	0	楔蛾
299013	古怪石头	299013	0	1	0	16	0	0	0	祖玛雕像、卫士
299014	蛛丝	299014	0	1	0	16	0	0	0	幻影
299015	发霉的书籍	299015	0	1	0	16	0	0	0	恶灵尸王
299016	魂火	299016	0	1	0	16	0	0	0	骷髅长枪兵、刀斧手
299017	牛角	299017	0	1	0	16	0	0	0	牛魔战士、牛魔将军
299018	牛黄	299018	0	1	0	16	0	0	0	牛魔祭司
299019	带魔气的眼睛	299019	0	1	0	16	0	0	0	魔龙邪眼、魔龙血蛙、魔龙刺蛙
299020	龙骨	299020	0	1	0	16	0	0	0	