Level	exp	hp	mp	dc1	dc2	mc1	mc2	sc1	sc2	ac1	ac2	mac1	mac2
1	30	30	5	0	0	0	0	0	0	0	1	0	1
2	50	34	9	0	0	0	0	0	1	0	1	0	1
3	100	38	13	0	0	0	0	0	1	0	1	0	1
4	150	42	17	0	0	0	0	0	1	0	1	0	1
5	200	46	21	0	0	0	0	0	2	0	1	0	1
6	300	50	25	0	0	0	0	1	2	0	1	0	1
7	500	54	29	0	0	0	0	1	2	0	1	0	1
8	1140	58	33	0	0	0	0	1	3	0	1	0	1
9	1950	62	37	0	0	0	0	2	3	0	1	0	1
10	2950	68	43	0	0	0	0	2	3	0	2	0	2
11	4160	74	49	0	0	0	0	2	4	0	2	0	2
12	5600	80	55	0	0	0	0	3	4	0	2	0	2
13	7290	86	61	0	0	0	0	3	4	0	2	0	2
14	9250	92	67	0	0	0	0	3	5	0	2	0	2
15	11500	98	73	0	0	0	0	4	5	0	2	0	2
16	14060	104	79	0	0	0	0	4	5	0	2	0	2
17	16950	110	85	0	0	0	0	4	6	0	2	0	2
18	20190	116	91	0	0	0	0	5	6	1	2	1	2
19	23800	122	97	0	0	0	0	5	6	1	2	1	2
20	39800	128	103	0	0	0	0	5	7	1	3	1	3
21	57440	137	112	0	0	0	0	6	7	1	3	1	3
22	76800	146	121	0	0	0	0	6	7	1	3	1	3
23	97960	155	130	0	0	0	0	6	8	1	3	1	3
24	121000	164	139	0	0	0	0	7	8	1	3	1	3
25	146000	173	148	0	0	0	0	7	8	1	3	1	3
26	173040	182	157	0	0	0	0	7	9	1	3	1	3
27	202200	191	166	0	0	0	0	8	9	1	3	1	3
28	233560	200	175	0	0	0	0	8	9	1	3	1	3
29	267200	209	184	0	0	0	0	8	10	1	3	1	3
30	303200	218	193	0	0	0	0	9	10	1	4	1	4
31	341640	231	207	0	0	0	0	9	10	1	4	1	4
32	382600	244	221	0	0	0	0	9	11	1	4	1	4
33	426160	257	235	0	0	0	0	9	11	1	4	1	4
34	472400	270	249	0	0	0	0	9	11	1	4	1	4
35	521400	283	263	0	0	0	0	9	12	1	4	1	4
36	573240	296	277	0	0	0	0	10	12	2	4	2	4
37	628000	309	291	0	0	0	0	10	12	2	4	2	4
38	685760	322	305	0	0	0	0	10	13	2	4	2	4
39	746600	335	319	0	0	0	0	11	13	2	4	2	4
40	810600	348	333	0	0	0	0	11	13	2	5	2	5
41	877840	366	353	0	0	0	0	11	14	2	5	2	5
42	948400	384	373	0	0	0	0	12	14	2	5	2	5
43	1022360	402	393	0	0	0	0	12	14	2	5	2	5
44	1099800	420	413	0	0	0	0	12	15	2	5	2	5
45	1180800	438	433	0	0	0	0	13	15	2	5	2	5
46	1265440	456	453	0	0	0	0	13	15	2	5	2	5
47	1353800	474	473	0	0	0	0	13	16	2	5	2	5
48	1445960	492	493	0	0	0	0	14	16	2	5	2	5
49	1542000	510	513	0	0	0	0	14	16	2	5	2	5
50	1642000	528	533	0	0	0	0	14	17	2	6	2	6
51	1746040	552	560	0	0	0	0	15	17	2	6	2	6
52	1854200	576	587	0	0	0	0	15	17	2	6	2	6
53	1966560	600	614	0	0	0	0	15	18	2	6	2	6
54	2083200	624	641	0	0	0	0	16	18	3	6	3	6
55	2204200	648	668	0	0	0	0	16	18	3	6	3	6
56	2329640	672	695	0	0	0	0	16	19	3	6	3	6
57	2459600	696	722	0	0	0	0	17	19	3	6	3	6
58	2594160	720	749	0	0	0	0	17	19	3	6	3	6
59	2733400	744	776	0	0	0	0	17	20	3	6	3	6
60	2877400	768	803	0	0	0	0	18	20	3	7	3	7
61	3026240	799	838	0	0	0	0	18	20	3	7	3	7
62	3180000	830	873	0	0	0	0	18	21	3	7	3	7
63	3338760	861	908	0	0	0	0	18	21	3	7	3	7
64	3502600	892	943	0	0	0	0	18	21	3	7	3	7
65	3671600	923	978	0	0	0	0	18	22	3	7	3	7
66	3845840	954	1013	0	0	0	0	19	22	3	7	3	7
67	4025400	985	1048	0	0	0	0	19	22	3	7	3	7
68	4210360	1016	1083	0	0	0	0	19	23	3	7	3	7
69	4400800	1047	1118	0	0	0	0	20	23	3	7	3	7
70	4596800	1078	1153	0	0	0	0	20	23	3	8	3	8
71	4798440	1117	1197	0	0	0	0	20	24	3	8	3	8
72	5005800	1156	1241	0	0	0	0	21	24	4	8	4	8
73	5218960	1195	1285	0	0	0	0	21	24	4	8	4	8
74	5438000	1234	1329	0	0	0	0	21	25	4	8	4	8
75	5663000	1273	1373	0	0	0	0	22	25	4	8	4	8
76	5894040	1312	1417	0	0	0	0	22	25	4	8	4	8
77	6131200	1351	1461	0	0	0	0	22	26	4	8	4	8
78	6374560	1390	1505	0	0	0	0	23	26	4	8	4	8
79	6624200	1429	1549	0	0	0	0	23	26	4	8	4	8
80	6880200	1468	1593	0	0	0	0	23	27	4	9	4	9
81	7142640	1516	1647	0	0	0	0	24	27	4	9	4	9
82	7411600	1564	1701	0	0	0	0	24	27	4	9	4	9
83	7687160	1612	1755	0	0	0	0	24	28	4	9	4	9
84	7969400	1660	1809	0	0	0	0	25	28	4	9	4	9
85	8258400	1708	1863	0	0	0	0	25	28	4	9	4	9
86	8554240	1756	1917	0	0	0	0	25	29	4	9	4	9
87	8857000	1804	1971	0	0	0	0	26	29	4	9	4	9
88	9166760	1852	2025	0	0	0	0	26	29	4	9	4	9
89	9483600	1900	2079	0	0	0	0	26	30	4	9	4	9
90	9807600	1948	2133	0	0	0	0	27	30	5	10	5	10
91	10138840	2006	2198	0	0	0	0	27	30	5	10	5	10
92	10477400	2064	2263	0	0	0	0	27	31	5	10	5	10
93	10823360	2122	2328	0	0	0	0	27	31	5	10	5	10
94	11176800	2180	2393	0	0	0	0	27	31	5	10	5	10
95	11537800	2238	2458	0	0	0	0	27	32	5	10	5	10
96	11906440	2296	2523	0	0	0	0	28	32	5	10	5	10
97	12282800	2354	2588	0	0	0	0	28	32	5	10	5	10
98	12666960	2412	2653	0	0	0	0	28	33	5	10	5	10
99	13059000	2470	2718	0	0	0	0	29	33	5	10	5	10
100	13459000	2528	2783	0	0	0	0	29	33	5	11	5	11
101	13867040	2597	2860	0	0	0	0	29	34	5	11	5	11
102	14283200	2666	2937	0	0	0	0	30	34	5	11	5	11
103	14707560	2735	3014	0	0	0	0	30	34	5	11	5	11
104	15140200	2804	3091	0	0	0	0	30	35	5	11	5	11
105	15581200	2873	3168	0	0	0	0	31	35	5	11	5	11
106	16030640	2942	3245	0	0	0	0	31	35	5	11	5	11
107	16488600	3011	3322	0	0	0	0	31	36	5	11	5	11
108	16955160	3080	3399	0	0	0	0	32	36	6	11	6	11
109	17430400	3149	3476	0	0	0	0	32	36	6	11	6	11
110	17914400	3218	3553	0	0	0	0	32	37	6	12	6	12
111	18407240	3299	3643	0	0	0	0	33	37	6	12	6	12
112	18909000	3380	3733	0	0	0	0	33	37	6	12	6	12
113	19419760	3461	3823	0	0	0	0	33	38	6	12	6	12
114	19939600	3542	3913	0	0	0	0	34	38	6	12	6	12
115	20468600	3623	4003	0	0	0	0	34	38	6	12	6	12
116	21006840	3704	4093	0	0	0	0	34	39	6	12	6	12
117	21554400	3785	4183	0	0	0	0	35	39	6	12	6	12
118	22111360	3866	4273	0	0	0	0	35	39	6	12	6	12
119	22677800	3947	4363	0	0	0	0	35	40	6	12	6	12
120	23253800	4028	4453	0	0	0	0	36	40	6	13	6	13
121	23839440	4122	4557	0	0	0	0	36	40	6	13	6	13
122	24434800	4216	4661	0	0	0	0	36	41	6	13	6	13
123	25039960	4310	4765	0	0	0	0	36	41	6	13	6	13
124	25655000	4404	4869	0	0	0	0	36	41	6	13	6	13
125	26280000	4498	4973	0	0	0	0	36	42	6	13	6	13
126	26915040	4592	5077	0	0	0	0	37	42	7	13	7	13
127	27560200	4686	5181	0	0	0	0	37	42	7	13	7	13
128	28215560	4780	5285	0	0	0	0	37	43	7	13	7	13
129	28881200	4874	5389	0	0	0	0	38	43	7	13	7	13
130	29557200	4968	5493	0	0	0	0	38	43	7	14	7	14
131	30243640	5076	5612	0	0	0	0	38	44	7	14	7	14
132	30940600	5184	5731	0	0	0	0	39	44	7	14	7	14
133	31648160	5292	5850	0	0	0	0	39	44	7	14	7	14
134	32366400	5400	5969	0	0	0	0	39	45	7	14	7	14
135	33095400	5508	6088	0	0	0	0	40	45	7	14	7	14
136	33835240	5616	6207	0	0	0	0	40	45	7	14	7	14
137	34586000	5724	6326	0	0	0	0	40	46	7	14	7	14
138	35347760	5832	6445	0	0	0	0	41	46	7	14	7	14
139	36120600	5940	6564	0	0	0	0	41	46	7	14	7	14
140	36904600	6048	6683	0	0	0	0	41	47	7	15	7	15
141	37699840	6171	6818	0	0	0	0	42	47	7	15	7	15
142	38506400	6294	6953	0	0	0	0	42	47	7	15	7	15
143	39324360	6417	7088	0	0	0	0	42	48	7	15	7	15
144	40153800	6540	7223	0	0	0	0	43	48	8	15	8	15
145	40994800	6663	7358	0	0	0	0	43	48	8	15	8	15
146	41847440	6786	7493	0	0	0	0	43	49	8	15	8	15
147	42711800	6909	7628	0	0	0	0	44	49	8	15	8	15
148	43587960	7032	7763	0	0	0	0	44	49	8	15	8	15
149	44476000	7155	7898	0	0	0	0	44	50	8	15	8	15
150	45376000	7278	8033	0	0	0	0	45	50	8	16	8	16
151	46288040	7417	8185	0	0	0	0	45	50	8	16	8	16
152	47212200	7556	8337	0	0	0	0	45	51	8	16	8	16
153	48148560	7695	8489	0	0	0	0	45	51	8	16	8	16
154	49097200	7834	8641	0	0	0	0	45	51	8	16	8	16
155	50058200	7973	8793	0	0	0	0	45	52	8	16	8	16
156	51031640	8112	8945	0	0	0	0	46	52	8	16	8	16
157	52017600	8251	9097	0	0	0	0	46	52	8	16	8	16
158	53016160	8390	9249	0	0	0	0	46	53	8	16	8	16
159	54027400	8529	9401	0	0	0	0	47	53	8	16	8	16
160	55051400	8668	9553	0	0	0	0	47	53	8	17	8	17
161	56088240	8824	9723	0	0	0	0	47	54	8	17	8	17
162	57138000	8980	9893	0	0	0	0	48	54	9	17	9	17
163	58200760	9136	10063	0	0	0	0	48	54	9	17	9	17
164	59276600	9292	10233	0	0	0	0	48	55	9	17	9	17
165	60365600	9448	10403	0	0	0	0	49	55	9	17	9	17
166	61467840	9604	10573	0	0	0	0	49	55	9	17	9	17
167	62583400	9760	10743	0	0	0	0	49	56	9	17	9	17
168	63712360	9916	10913	0	0	0	0	50	56	9	17	9	17
169	64854800	10072	11083	0	0	0	0	50	56	9	17	9	17
170	66010800	10228	11253	0	0	0	0	50	57	9	18	9	18
171	67180440	10402	11442	0	0	0	0	51	57	9	18	9	18
172	68363800	10576	11631	0	0	0	0	51	57	9	18	9	18
173	69560960	10750	11820	0	0	0	0	51	58	9	18	9	18
174	70772000	10924	12009	0	0	0	0	52	58	9	18	9	18
175	71997000	11098	12198	0	0	0	0	52	58	9	18	9	18
176	73236040	11272	12387	0	0	0	0	52	59	9	18	9	18
177	74489200	11446	12576	0	0	0	0	53	59	9	18	9	18
178	75756560	11620	12765	0	0	0	0	53	59	9	18	9	18
179	77038200	11794	12954	0	0	0	0	53	60	9	18	9	18
180	78334200	11968	13143	0	0	0	0	54	60	10	19	10	19
181	79644640	12161	13352	0	0	0	0	54	60	10	19	10	19
182	80969600	12354	13561	0	0	0	0	54	61	10	19	10	19
183	82309160	12547	13770	0	0	0	0	54	61	10	19	10	19
184	83663400	12740	13979	0	0	0	0	54	61	10	19	10	19
185	85032400	12933	14188	0	0	0	0	54	62	10	19	10	19
186	86416240	13126	14397	0	0	0	0	55	62	10	19	10	19
187	87815000	13319	14606	0	0	0	0	55	62	10	19	10	19
188	89228760	13512	14815	0	0	0	0	55	63	10	19	10	19
189	90657600	13705	15024	0	0	0	0	56	63	10	19	10	19
190	92101600	13898	15233	0	0	0	0	56	63	10	20	10	20
191	93560840	14111	15463	0	0	0	0	56	64	10	20	10	20
192	95035400	14324	15693	0	0	0	0	57	64	10	20	10	20
193	96525360	14537	15923	0	0	0	0	57	64	10	20	10	20
194	98030800	14750	16153	0	0	0	0	57	65	10	20	10	20
195	99551800	14963	16383	0	0	0	0	58	65	10	20	10	20
196	101088440	15176	16613	0	0	0	0	58	65	10	20	10	20
197	102640800	15389	16843	0	0	0	0	58	66	10	20	10	20
198	104208960	15602	17073	0	0	0	0	59	66	11	20	11	20
199	105793000	15815	17303	0	0	0	0	59	66	11	20	11	20
200	107393000	16028	17533	0	0	0	0	59	67	11	21	11	21
201	109009040	16111	17563	0	0	0	0	60	67	11	21	11	21
202	110641200	16194	17593	0	0	0	0	60	67	11	21	11	21
203	112289560	16277	17623	0	0	0	0	60	68	11	21	11	21
204	113954200	16360	17653	0	0	0	0	61	68	11	21	11	21
205	115635200	16443	17683	0	0	0	0	61	68	11	21	11	21
206	117332640	16526	17713	0	0	0	0	61	69	11	21	11	21
207	119046600	16609	17743	0	0	0	0	62	69	11	21	11	21
208	120777160	16692	17773	0	0	0	0	62	69	11	21	11	21
209	122524400	16775	17803	0	0	0	0	62	70	11	21	11	21
210	124288400	16858	17833	0	0	0	0	63	70	11	22	11	22
211	126069240	16941	17863	0	0	0	0	63	70	11	22	11	22
212	127867000	17024	17893	0	0	0	0	63	71	11	22	11	22
213	129681760	17107	17923	0	0	0	0	63	71	11	22	11	22
214	131513600	17190	17953	0	0	0	0	63	71	11	22	11	22
215	133362600	17273	17983	0	0	0	0	63	72	11	22	11	22
216	135228840	17356	18013	0	0	0	0	64	72	12	22	12	22
217	137112400	17439	18043	0	0	0	0	64	72	12	22	12	22
218	139013360	17522	18073	0	0	0	0	64	73	12	22	12	22
219	140931800	17605	18103	0	0	0	0	65	73	12	22	12	22
220	142867800	17688	18133	0	0	0	0	65	73	12	23	12	23
221	144821440	17771	18163	0	0	0	0	65	74	12	23	12	23
222	146792800	17854	18193	0	0	0	0	66	74	12	23	12	23
223	148781960	17937	18223	0	0	0	0	66	74	12	23	12	23
224	150789000	18020	18253	0	0	0	0	66	75	12	23	12	23
225	152814000	18103	18283	0	0	0	0	67	75	12	23	12	23
226	154857040	18186	18313	0	0	0	0	67	75	12	23	12	23
227	156918200	18269	18343	0	0	0	0	67	76	12	23	12	23
228	158997560	18352	18373	0	0	0	0	68	76	12	23	12	23
229	161095200	18435	18403	0	0	0	0	68	76	12	23	12	23
230	163211200	18518	18433	0	0	0	0	68	77	12	24	12	24
231	165345640	18601	18463	0	0	0	0	69	77	12	24	12	24
232	167498600	18684	18493	0	0	0	0	69	77	12	24	12	24
233	169670160	18767	18523	0	0	0	0	69	78	12	24	12	24
234	171860400	18850	18553	0	0	0	0	70	78	13	24	13	24
235	174069400	18933	18583	0	0	0	0	70	78	13	24	13	24
236	176297240	19016	18613	0	0	0	0	70	79	13	24	13	24
237	178544000	19099	18643	0	0	0	0	71	79	13	24	13	24
238	180809760	19182	18673	0	0	0	0	71	79	13	24	13	24
239	183094600	19265	18703	0	0	0	0	71	80	13	24	13	24
240	185398600	19348	18733	0	0	0	0	72	80	13	25	13	25
241	187721840	19431	18763	0	0	0	0	72	80	13	25	13	25
242	190064400	19514	18793	0	0	0	0	72	81	13	25	13	25
243	192426360	19597	18823	0	0	0	0	72	81	13	25	13	25
244	194807800	19680	18853	0	0	0	0	72	81	13	25	13	25
245	197208800	19763	18883	0	0	0	0	72	82	13	25	13	25
246	199629440	19846	18913	0	0	0	0	73	82	13	25	13	25
247	202069800	19929	18943	0	0	0	0	73	82	13	25	13	25
248	204529960	20012	18973	0	0	0	0	73	83	13	25	13	25
249	207010000	20095	19003	0	0	0	0	74	83	13	25	13	25
250	209510000	20178	19033	0	0	0	0	74	83	13	26	13	26
251	212030040	20261	19063	0	0	0	0	74	84	13	26	13	26
252	214570200	20344	19093	0	0	0	0	75	84	14	26	14	26
253	217130560	20427	19123	0	0	0	0	75	84	14	26	14	26
254	219711200	20510	19153	0	0	0	0	75	85	14	26	14	26
255	222312200	20593	19183	0	0	0	0	76	85	14	26	14	26
256	224933640	20676	19213	0	0	0	0	76	85	14	26	14	26
257	227575600	20759	19243	0	0	0	0	76	86	14	26	14	26
258	230238160	20842	19273	0	0	0	0	77	86	14	26	14	26
259	232921400	20925	19303	0	0	0	0	77	86	14	26	14	26
260	235625400	21008	19333	0	0	0	0	77	87	14	27	14	27
261	238350240	21091	19363	0	0	0	0	78	87	14	27	14	27
262	241096000	21174	19393	0	0	0	0	78	87	14	27	14	27
263	243862760	21257	19423	0	0	0	0	78	88	14	27	14	27
264	246650600	21340	19453	0	0	0	0	79	88	14	27	14	27
265	249459600	21423	19483	0	0	0	0	79	88	14	27	14	27
266	252289840	21506	19513	0	0	0	0	79	89	14	27	14	27
267	255141400	21589	19543	0	0	0	0	80	89	14	27	14	27
268	258014360	21672	19573	0	0	0	0	80	89	14	27	14	27
269	260908800	21755	19603	0	0	0	0	80	90	14	27	14	27
270	263824800	21838	19633	0	0	0	0	81	90	15	28	15	28
271	266762440	21921	19663	0	0	0	0	81	90	15	28	15	28
272	269721800	22004	19693	0	0	0	0	81	91	15	28	15	28
273	272702960	22087	19723	0	0	0	0	81	91	15	28	15	28
274	275706000	22170	19753	0	0	0	0	81	91	15	28	15	28
275	278731000	22253	19783	0	0	0	0	81	92	15	28	15	28
276	281778040	22336	19813	0	0	0	0	82	92	15	28	15	28
277	284847200	22419	19843	0	0	0	0	82	92	15	28	15	28
278	287938560	22502	19873	0	0	0	0	82	93	15	28	15	28
279	291052200	22585	19903	0	0	0	0	83	93	15	28	15	28
280	294188200	22668	19933	0	0	0	0	83	93	15	29	15	29
281	297346640	22751	19963	0	0	0	0	83	94	15	29	15	29
282	300527600	22834	19993	0	0	0	0	84	94	15	29	15	29
283	303731160	22917	20023	0	0	0	0	84	94	15	29	15	29
284	306957400	23000	20053	0	0	0	0	84	95	15	29	15	29
285	310206400	23083	20083	0	0	0	0	85	95	15	29	15	29
286	313478240	23166	20113	0	0	0	0	85	95	15	29	15	29
287	316773000	23249	20143	0	0	0	0	85	96	15	29	15	29
288	320090760	23332	20173	0	0	0	0	86	96	16	29	16	29
289	323431600	23415	20203	0	0	0	0	86	96	16	29	16	29
290	326795600	23498	20233	0	0	0	0	86	97	16	30	16	30
291	330182840	23581	20263	0	0	0	0	87	97	16	30	16	30
292	333593400	23664	20293	0	0	0	0	87	97	16	30	16	30
293	337027360	23747	20323	0	0	0	0	87	98	16	30	16	30
294	340484800	23830	20353	0	0	0	0	88	98	16	30	16	30
295	343965800	23913	20383	0	0	0	0	88	98	16	30	16	30
296	347470440	23996	20413	0	0	0	0	88	99	16	30	16	30
297	350998800	24079	20443	0	0	0	0	89	99	16	30	16	30
298	354550960	24162	20473	0	0	0	0	89	99	16	30	16	30
299	358127000	24245	20503	0	0	0	0	89	100	16	30	16	30
300	361727000	24328	20533	0	0	0	0	90	100	16	31	16	31
301	365351040	24411	20563	0	0	0	0	90	100	16	31	16	31
302	368999200	24494	20593	0	0	0	0	90	101	16	31	16	31
303	372671560	24577	20623	0	0	0	0	90	101	16	31	16	31
304	376368200	24660	20653	0	0	0	0	90	101	16	31	16	31
305	380089200	24743	20683	0	0	0	0	90	102	16	31	16	31
306	383834640	24826	20713	0	0	0	0	91	102	17	31	17	31
307	387604600	24909	20743	0	0	0	0	91	102	17	31	17	31
308	391399160	24992	20773	0	0	0	0	91	103	17	31	17	31
309	395218400	25075	20803	0	0	0	0	92	103	17	31	17	31
310	399062400	25158	20833	0	0	0	0	92	103	17	32	17	32
311	402931240	25241	20863	0	0	0	0	92	104	17	32	17	32
312	406825000	25324	20893	0	0	0	0	93	104	17	32	17	32
313	410743760	25407	20923	0	0	0	0	93	104	17	32	17	32
314	414687600	25490	20953	0	0	0	0	93	105	17	32	17	32
315	418656600	25573	20983	0	0	0	0	94	105	17	32	17	32
316	422650840	25656	21013	0	0	0	0	94	105	17	32	17	32
317	426670400	25739	21043	0	0	0	0	94	106	17	32	17	32
318	430715360	25822	21073	0	0	0	0	95	106	17	32	17	32
319	434785800	25905	21103	0	0	0	0	95	106	17	32	17	32
320	438881800	25988	21133	0	0	0	0	95	107	17	33	17	33
321	443003440	26071	21163	0	0	0	0	96	107	17	33	17	33
322	447150800	26154	21193	0	0	0	0	96	107	17	33	17	33
323	451323960	26237	21223	0	0	0	0	96	108	17	33	17	33
324	455523000	26320	21253	0	0	0	0	97	108	18	33	18	33
325	459748000	26403	21283	0	0	0	0	97	108	18	33	18	33
326	463999040	26486	21313	0	0	0	0	97	109	18	33	18	33
327	468276200	26569	21343	0	0	0	0	98	109	18	33	18	33
328	472579560	26652	21373	0	0	0	0	98	109	18	33	18	33
329	476909200	26735	21403	0	0	0	0	98	110	18	33	18	33
330	481265200	26818	21433	0	0	0	0	99	110	18	34	18	34
331	485647640	26901	21463	0	0	0	0	99	110	18	34	18	34
332	490056600	26984	21493	0	0	0	0	99	111	18	34	18	34
333	494492160	27067	21523	0	0	0	0	99	111	18	34	18	34
334	498954400	27150	21553	0	0	0	0	99	111	18	34	18	34
335	503443400	27233	21583	0	0	0	0	99	112	18	34	18	34
336	507959240	27316	21613	0	0	0	0	100	112	18	34	18	34
337	512502000	27399	21643	0	0	0	0	100	112	18	34	18	34
338	517071760	27482	21673	0	0	0	0	100	113	18	34	18	34
339	521668600	27565	21703	0	0	0	0	101	113	18	34	18	34
340	526292600	27648	21733	0	0	0	0	101	113	18	35	18	35
341	530943840	27731	21763	0	0	0	0	101	114	18	35	18	35
342	535622400	27814	21793	0	0	0	0	102	114	19	35	19	35
343	540328360	27897	21823	0	0	0	0	102	114	19	35	19	35
344	545061800	27980	21853	0	0	0	0	102	115	19	35	19	35
345	549822800	28063	21883	0	0	0	0	103	115	19	35	19	35
346	554611440	28146	21913	0	0	0	0	103	115	19	35	19	35
347	559427800	28229	21943	0	0	0	0	103	116	19	35	19	35
348	564271960	28312	21973	0	0	0	0	104	116	19	35	19	35
349	569144000	28395	22003	0	0	0	0	104	116	19	35	19	35
350	574044000	28478	22033	0	0	0	0	104	117	19	36	19	36
351	578972040	28561	22063	0	0	0	0	105	117	19	36	19	36
352	583928200	28644	22093	0	0	0	0	105	117	19	36	19	36
353	588912560	28727	22123	0	0	0	0	105	118	19	36	19	36
354	593925200	28810	22153	0	0	0	0	106	118	19	36	19	36
355	598966200	28893	22183	0	0	0	0	106	118	19	36	19	36
356	604035640	28976	22213	0	0	0	0	106	119	19	36	19	36
357	609133600	29059	22243	0	0	0	0	107	119	19	36	19	36
358	614260160	29142	22273	0	0	0	0	107	119	19	36	19	36
359	619415400	29225	22303	0	0	0	0	107	120	19	36	19	36
360	624599400	29308	22333	0	0	0	0	108	120	20	37	20	37
361	629812240	29391	22363	0	0	0	0	108	120	20	37	20	37
362	635054000	29474	22393	0	0	0	0	108	121	20	37	20	37
363	640324760	29557	22423	0	0	0	0	108	121	20	37	20	37
364	645624600	29640	22453	0	0	0	0	108	121	20	37	20	37
365	650953600	29723	22483	0	0	0	0	108	122	20	37	20	37
366	656311840	29806	22513	0	0	0	0	109	122	20	37	20	37
367	661699400	29889	22543	0	0	0	0	109	122	20	37	20	37
368	667116360	29972	22573	0	0	0	0	109	123	20	37	20	37
369	672562800	30055	22603	0	0	0	0	110	123	20	37	20	37
370	678038800	30138	22633	0	0	0	0	110	123	20	38	20	38
371	683544440	30221	22663	0	0	0	0	110	124	20	38	20	38
372	689079800	30304	22693	0	0	0	0	111	124	20	38	20	38
373	694644960	30387	22723	0	0	0	0	111	124	20	38	20	38
374	700240000	30470	22753	0	0	0	0	111	125	20	38	20	38
375	705865000	30553	22783	0	0	0	0	112	125	20	38	20	38
376	711520040	30636	22813	0	0	0	0	112	125	20	38	20	38
377	717205200	30719	22843	0	0	0	0	112	126	20	38	20	38
378	722920560	30802	22873	0	0	0	0	113	126	21	38	21	38
379	728666200	30885	22903	0	0	0	0	113	126	21	38	21	38
380	734442200	30968	22933	0	0	0	0	113	127	21	39	21	39
381	740248640	31051	22963	0	0	0	0	114	127	21	39	21	39
382	746085600	31134	22993	0	0	0	0	114	127	21	39	21	39
383	751953160	31217	23023	0	0	0	0	114	128	21	39	21	39
384	757851400	31300	23053	0	0	0	0	115	128	21	39	21	39
385	763780400	31383	23083	0	0	0	0	115	128	21	39	21	39
386	769740240	31466	23113	0	0	0	0	115	129	21	39	21	39
387	775731000	31549	23143	0	0	0	0	116	129	21	39	21	39
388	781752760	31632	23173	0	0	0	0	116	129	21	39	21	39
389	787805600	31715	23203	0	0	0	0	116	130	21	39	21	39
390	793889600	31798	23233	0	0	0	0	117	130	21	40	21	40
391	800004840	31881	23263	0	0	0	0	117	130	21	40	21	40
392	806151400	31964	23293	0	0	0	0	117	131	21	40	21	40
393	812329360	32047	23323	0	0	0	0	117	131	21	40	21	40
394	818538800	32130	23353	0	0	0	0	117	131	21	40	21	40
395	824779800	32213	23383	0	0	0	0	117	132	21	40	21	40
396	831052440	32296	23413	0	0	0	0	118	132	22	40	22	40
397	837356800	32379	23443	0	0	0	0	118	132	22	40	22	40
398	843692960	32462	23473	0	0	0	0	118	133	22	40	22	40
399	850061000	32545	23503	0	0	0	0	119	133	22	40	22	40
400	856461000	32628	23533	0	0	0	0	119	133	22	41	22	41
401	862893040	32711	23563	0	0	0	0	119	134	22	41	22	41
402	869357200	32794	23593	0	0	0	0	120	134	22	41	22	41
403	875853560	32877	23623	0	0	0	0	120	134	22	41	22	41
404	882382200	32960	23653	0	0	0	0	120	135	22	41	22	41
405	888943200	33043	23683	0	0	0	0	121	135	22	41	22	41
406	895536640	33126	23713	0	0	0	0	121	135	22	41	22	41
407	902162600	33209	23743	0	0	0	0	121	136	22	41	22	41
408	908821160	33292	23773	0	0	0	0	122	136	22	41	22	41
409	915512400	33375	23803	0	0	0	0	122	136	22	41	22	41
410	922236400	33458	23833	0	0	0	0	122	137	22	42	22	42
411	928993240	33541	23863	0	0	0	0	123	137	22	42	22	42
412	935783000	33624	23893	0	0	0	0	123	137	22	42	22	42
413	942605760	33707	23923	0	0	0	0	123	138	22	42	22	42
414	949461600	33790	23953	0	0	0	0	124	138	23	42	23	42
415	956350600	33873	23983	0	0	0	0	124	138	23	42	23	42
416	963272840	33956	24013	0	0	0	0	124	139	23	42	23	42
417	970228400	34039	24043	0	0	0	0	125	139	23	42	23	42
418	977217360	34122	24073	0	0	0	0	125	139	23	42	23	42
419	984239800	34205	24103	0	0	0	0	125	140	23	42	23	42
420	991295800	34288	24133	0	0	0	0	126	140	23	43	23	43
421	998385440	34371	24163	0	0	0	0	126	140	23	43	23	43
422	1005508800	34454	24193	0	0	0	0	126	141	23	43	23	43
423	1012665960	34537	24223	0	0	0	0	126	141	23	43	23	43
424	1019857000	34620	24253	0	0	0	0	126	141	23	43	23	43
425	1027082000	34703	24283	0	0	0	0	126	142	23	43	23	43
426	1034341040	34786	24313	0	0	0	0	127	142	23	43	23	43
427	1041634200	34869	24343	0	0	0	0	127	142	23	43	23	43
428	1048961560	34952	24373	0	0	0	0	127	143	23	43	23	43
429	1056323200	35035	24403	0	0	0	0	128	143	23	43	23	43
430	1063719200	35118	24433	0	0	0	0	128	143	23	44	23	44
431	1071149640	35201	24463	0	0	0	0	128	144	23	44	23	44
432	1078614600	35284	24493	0	0	0	0	129	144	24	44	24	44
433	1086114160	35367	24523	0	0	0	0	129	144	24	44	24	44
434	1093648400	35450	24553	0	0	0	0	129	145	24	44	24	44
435	1101217400	35533	24583	0	0	0	0	130	145	24	44	24	44
436	1108821240	35616	24613	0	0	0	0	130	145	24	44	24	44
437	1116460000	35699	24643	0	0	0	0	130	146	24	44	24	44
438	1124133760	35782	24673	0	0	0	0	131	146	24	44	24	44
439	1131842600	35865	24703	0	0	0	0	131	146	24	44	24	44
440	1139586600	35948	24733	0	0	0	0	131	147	24	45	24	45
441	1147365840	36031	24763	0	0	0	0	132	147	24	45	24	45
442	1155180400	36114	24793	0	0	0	0	132	147	24	45	24	45
443	1163030360	36197	24823	0	0	0	0	132	148	24	45	24	45
444	1170915800	36280	24853	0	0	0	0	133	148	24	45	24	45
445	1178836800	36363	24883	0	0	0	0	133	148	24	45	24	45
446	1186793440	36446	24913	0	0	0	0	133	149	24	45	24	45
447	1194785800	36529	24943	0	0	0	0	134	149	24	45	24	45
448	1202813960	36612	24973	0	0	0	0	134	149	24	45	24	45
449	1210878000	36695	25003	0	0	0	0	134	150	24	45	24	45
450	1218978000	36778	25033	0	0	0	0	135	150	25	46	25	46
451	1227114040	36861	25063	0	0	0	0	135	150	25	46	25	46
452	1235286200	36944	25093	0	0	0	0	135	151	25	46	25	46
453	1243494560	37027	25123	0	0	0	0	135	151	25	46	25	46
454	1251739200	37110	25153	0	0	0	0	135	151	25	46	25	46
455	1260020200	37193	25183	0	0	0	0	135	152	25	46	25	46
456	1268337640	37276	25213	0	0	0	0	136	152	25	46	25	46
457	1276691600	37359	25243	0	0	0	0	136	152	25	46	25	46
458	1285082160	37442	25273	0	0	0	0	136	153	25	46	25	46
459	1293509400	37525	25303	0	0	0	0	137	153	25	46	25	46
460	1301973400	37608	25333	0	0	0	0	137	153	25	47	25	47
461	1310474240	37691	25363	0	0	0	0	137	154	25	47	25	47
462	1319012000	37774	25393	0	0	0	0	138	154	25	47	25	47
463	1327586760	37857	25423	0	0	0	0	138	154	25	47	25	47
464	1336198600	37940	25453	0	0	0	0	138	155	25	47	25	47
465	1344847600	38023	25483	0	0	0	0	139	155	25	47	25	47
466	1353533840	38106	25513	0	0	0	0	139	155	25	47	25	47
467	1362257400	38189	25543	0	0	0	0	139	156	25	47	25	47
468	1371018360	38272	25573	0	0	0	0	140	156	26	47	26	47
469	1379816800	38355	25603	0	0	0	0	140	156	26	47	26	47
470	1388652800	38438	25633	0	0	0	0	140	157	26	48	26	48
471	1397526440	38521	25663	0	0	0	0	141	157	26	48	26	48
472	1406437800	38604	25693	0	0	0	0	141	157	26	48	26	48
473	1415386960	38687	25723	0	0	0	0	141	158	26	48	26	48
474	1424374000	38770	25753	0	0	0	0	142	158	26	48	26	48
475	1433399000	38853	25783	0	0	0	0	142	158	26	48	26	48
476	1442462040	38936	25813	0	0	0	0	142	159	26	48	26	48
477	1451563200	39019	25843	0	0	0	0	143	159	26	48	26	48
478	1460702560	39102	25873	0	0	0	0	143	159	26	48	26	48
479	1469880200	39185	25903	0	0	0	0	143	160	26	48	26	48
480	1479096200	39268	25933	0	0	0	0	144	160	26	49	26	49
481	1488350640	39351	25963	0	0	0	0	144	160	26	49	26	49
482	1497643600	39434	25993	0	0	0	0	144	161	26	49	26	49
483	1506975160	39517	26023	0	0	0	0	144	161	26	49	26	49
484	1516345400	39600	26053	0	0	0	0	144	161	26	49	26	49
485	1525754400	39683	26083	0	0	0	0	144	162	26	49	26	49
486	1535202240	39766	26113	0	0	0	0	145	162	27	49	27	49
487	1544689000	39849	26143	0	0	0	0	145	162	27	49	27	49
488	1554214760	39932	26173	0	0	0	0	145	163	27	49	27	49
489	1563779600	40015	26203	0	0	0	0	146	163	27	49	27	49
490	1573383600	40098	26233	0	0	0	0	146	163	27	50	27	50
491	1583026840	40181	26263	0	0	0	0	146	164	27	50	27	50
492	1592709400	40264	26293	0	0	0	0	147	164	27	50	27	50
493	1602431360	40347	26323	0	0	0	0	147	164	27	50	27	50
494	1612192800	40430	26353	0	0	0	0	147	165	27	50	27	50
495	1621993800	40513	26383	0	0	0	0	148	165	27	50	27	50
496	1631834440	40596	26413	0	0	0	0	148	165	27	50	27	50
497	1641714800	40679	26443	0	0	0	0	148	166	27	50	27	50
498	1651634960	40762	26473	0	0	0	0	149	166	27	50	27	50
499	1661595000	40845	26503	0	0	0	0	149	166	27	50	27	50
500	1671595000	40928	26533	0	0	0	0	149	167	27	51	27	51
501	1681635040	41011	26563	0	0	0	0	150	167	27	51	27	51
502	1691715200	41094	26593	0	0	0	0	150	167	27	51	27	51
503	1701835560	41177	26623	0	0	0	0	150	168	27	51	27	51
504	1711996200	41260	26653	0	0	0	0	151	168	28	51	28	51
505	1722197200	41343	26683	0	0	0	0	151	168	28	51	28	51
506	1732438640	41426	26713	0	0	0	0	151	169	28	51	28	51
507	1742720600	41509	26743	0	0	0	0	152	169	28	51	28	51
508	1753043160	41592	26773	0	0	0	0	152	169	28	51	28	51
509	1763406400	41675	26803	0	0	0	0	152	170	28	51	28	51
510	1773810400	41758	26833	0	0	0	0	153	170	28	52	28	52
511	1784255240	41841	26863	0	0	0	0	153	170	28	52	28	52
512	1794741000	41924	26893	0	0	0	0	153	171	28	52	28	52
513	1805267760	42007	26923	0	0	0	0	153	171	28	52	28	52
514	1815835600	42090	26953	0	0	0	0	153	171	28	52	28	52
515	1826444600	42173	26983	0	0	0	0	153	172	28	52	28	52
516	1837094840	42256	27013	0	0	0	0	154	172	28	52	28	52
517	1847786400	42339	27043	0	0	0	0	154	172	28	52	28	52
518	1858519360	42422	27073	0	0	0	0	154	173	28	52	28	52
519	1869293800	42505	27103	0	0	0	0	155	173	28	52	28	52
520	1880109800	42588	27133	0	0	0	0	155	173	28	53	28	53
521	1890967440	42671	27163	0	0	0	0	155	174	28	53	28	53
522	1901866800	42754	27193	0	0	0	0	156	174	29	53	29	53
523	1912807960	42837	27223	0	0	0	0	156	174	29	53	29	53
524	1923791000	42920	27253	0	0	0	0	156	175	29	53	29	53
525	1934816000	43003	27283	0	0	0	0	157	175	29	53	29	53
526	1945883040	43086	27313	0	0	0	0	157	175	29	53	29	53
527	1956992200	43169	27343	0	0	0	0	157	176	29	53	29	53
528	1968143560	43252	27373	0	0	0	0	158	176	29	53	29	53
529	1979337200	43335	27403	0	0	0	0	158	176	29	53	29	53
530	1990573200	43418	27433	0	0	0	0	158	177	29	54	29	54
531	2001851640	43501	27463	0	0	0	0	159	177	29	54	29	54
532	2013172600	43584	27493	0	0	0	0	159	177	29	54	29	54
533	2024536160	43667	27523	0	0	0	0	159	178	29	54	29	54
534	2035942400	43750	27553	0	0	0	0	160	178	29	54	29	54
535	2047391400	43833	27583	0	0	0	0	160	178	29	54	29	54
536	2058883240	43916	27613	0	0	0	0	160	179	29	54	29	54
537	2070418000	43999	27643	0	0	0	0	161	179	29	54	29	54
538	2081995760	44082	27673	0	0	0	0	161	179	29	54	29	54
539	2093616600	44165	27703	0	0	0	0	161	180	29	54	29	54
540	2105280600	44248	27733	0	0	0	0	162	180	30	55	30	55
541	2116987840	44331	27763	0	0	0	0	162	180	30	55	30	55
542	2128738400	44414	27793	0	0	0	0	162	181	30	55	30	55
543	2140532360	44497	27823	0	0	0	0	162	181	30	55	30	55
544	2152369800	44580	27853	0	0	0	0	162	181	30	55	30	55
545	2164250800	44663	27883	0	0	0	0	162	182	30	55	30	55
546	2176175440	44746	27913	0	0	0	0	163	182	30	55	30	55
547	2188143800	44829	27943	0	0	0	0	163	182	30	55	30	55
548	2200155960	44912	27973	0	0	0	0	163	183	30	55	30	55
549	2212212000	44995	28003	0	0	0	0	164	183	30	55	30	55
550	2224312000	45078	28033	0	0	0	0	164	183	30	56	30	56
551	2236456040	45161	28063	0	0	0	0	164	184	30	56	30	56
552	2248644200	45244	28093	0	0	0	0	165	184	30	56	30	56
553	2260876560	45327	28123	0	0	0	0	165	184	30	56	30	56
554	2273153200	45410	28153	0	0	0	0	165	185	30	56	30	56
555	2285474200	45493	28183	0	0	0	0	166	185	30	56	30	56
556	2297839640	45576	28213	0	0	0	0	166	185	30	56	30	56
557	2310249600	45659	28243	0	0	0	0	166	186	30	56	30	56
558	2322704160	45742	28273	0	0	0	0	167	186	31	56	31	56
559	2335203400	45825	28303	0	0	0	0	167	186	31	56	31	56
560	2347747400	45908	28333	0	0	0	0	167	187	31	57	31	57
561	2360336240	45991	28363	0	0	0	0	168	187	31	57	31	57
562	2372970000	46074	28393	0	0	0	0	168	187	31	57	31	57
563	2385648760	46157	28423	0	0	0	0	168	188	31	57	31	57
564	2398372600	46240	28453	0	0	0	0	169	188	31	57	31	57
565	2411141600	46323	28483	0	0	0	0	169	188	31	57	31	57
566	2423955840	46406	28513	0	0	0	0	169	189	31	57	31	57
567	2436815400	46489	28543	0	0	0	0	170	189	31	57	31	57
568	2449720360	46572	28573	0	0	0	0	170	189	31	57	31	57
569	2462670800	46655	28603	0	0	0	0	170	190	31	57	31	57
570	2475666800	46738	28633	0	0	0	0	171	190	31	58	31	58
571	2488708440	46821	28663	0	0	0	0	171	190	31	58	31	58
572	2501795800	46904	28693	0	0	0	0	171	191	31	58	31	58
573	2514928960	46987	28723	0	0	0	0	171	191	31	58	31	58
574	2528108000	47070	28753	0	0	0	0	171	191	31	58	31	58
575	2541333000	47153	28783	0	0	0	0	171	192	31	58	31	58
576	2554604040	47236	28813	0	0	0	0	172	192	32	58	32	58
577	2567921200	47319	28843	0	0	0	0	172	192	32	58	32	58
578	2581284560	47402	28873	0	0	0	0	172	193	32	58	32	58
579	2594694200	47485	28903	0	0	0	0	173	193	32	58	32	58
580	2608150200	47568	28933	0	0	0	0	173	193	32	59	32	59
581	2621652640	47651	28963	0	0	0	0	173	194	32	59	32	59
582	2635201600	47734	28993	0	0	0	0	174	194	32	59	32	59
583	2648797160	47817	29023	0	0	0	0	174	194	32	59	32	59
584	2662439400	47900	29053	0	0	0	0	174	195	32	59	32	59
585	2676128400	47983	29083	0	0	0	0	175	195	32	59	32	59
586	2689864240	48066	29113	0	0	0	0	175	195	32	59	32	59
587	2703647000	48149	29143	0	0	0	0	175	196	32	59	32	59
588	2717476760	48232	29173	0	0	0	0	176	196	32	59	32	59
589	2731353600	48315	29203	0	0	0	0	176	196	32	59	32	59
590	2745277600	48398	29233	0	0	0	0	176	197	32	60	32	60
591	2759248840	48481	29263	0	0	0	0	177	197	32	60	32	60
592	2773267400	48564	29293	0	0	0	0	177	197	32	60	32	60
593	2787333360	48647	29323	0	0	0	0	177	198	32	60	32	60
594	2801446800	48730	29353	0	0	0	0	178	198	33	60	33	60
595	2815607800	48813	29383	0	0	0	0	178	198	33	60	33	60
596	2829816440	48896	29413	0	0	0	0	178	199	33	60	33	60
597	2844072800	48979	29443	0	0	0	0	179	199	33	60	33	60
598	2858376960	49062	29473	0	0	0	0	179	199	33	60	33	60
599	2872729000	49145	29503	0	0	0	0	179	200	33	60	33	60
600	2887129000	49228	29533	0	0	0	0	180	200	33	61	33	61
601	2901577040	49311	29563	0	0	0	0	180	200	33	61	33	61
602	2916073200	49394	29593	0	0	0	0	180	201	33	61	33	61
603	2930617560	49477	29623	0	0	0	0	180	201	33	61	33	61
604	2945210200	49560	29653	0	0	0	0	180	201	33	61	33	61
605	2959851200	49643	29683	0	0	0	0	180	202	33	61	33	61
606	2974540640	49726	29713	0	0	0	0	181	202	33	61	33	61
607	2989278600	49809	29743	0	0	0	0	181	202	33	61	33	61
608	3004065160	49892	29773	0	0	0	0	181	203	33	61	33	61
609	3018900400	49975	29803	0	0	0	0	182	203	33	61	33	61
610	3033784400	50058	29833	0	0	0	0	182	203	33	62	33	62
611	3048717240	50141	29863	0	0	0	0	182	204	33	62	33	62
612	3063699000	50224	29893	0	0	0	0	183	204	34	62	34	62
613	3078729760	50307	29923	0	0	0	0	183	204	34	62	34	62
614	3093809600	50390	29953	0	0	0	0	183	205	34	62	34	62
615	3108938600	50473	29983	0	0	0	0	184	205	34	62	34	62
616	3124116840	50556	30013	0	0	0	0	184	205	34	62	34	62
617	3139344400	50639	30043	0	0	0	0	184	206	34	62	34	62
618	3154621360	50722	30073	0	0	0	0	185	206	34	62	34	62
619	3169947800	50805	30103	0	0	0	0	185	206	34	62	34	62
620	3185323800	50888	30133	0	0	0	0	185	207	34	63	34	63
621	3200749440	50971	30163	0	0	0	0	186	207	34	63	34	63
622	3216224800	51054	30193	0	0	0	0	186	207	34	63	34	63
623	3231749960	51137	30223	0	0	0	0	186	208	34	63	34	63
624	3247325000	51220	30253	0	0	0	0	187	208	34	63	34	63
625	3262950000	51303	30283	0	0	0	0	187	208	34	63	34	63
626	3278625040	51386	30313	0	0	0	0	187	209	34	63	34	63
627	3294350200	51469	30343	0	0	0	0	188	209	34	63	34	63
628	3310125560	51552	30373	0	0	0	0	188	209	34	63	34	63
629	3325951200	51635	30403	0	0	0	0	188	210	34	63	34	63
630	3341827200	51718	30433	0	0	0	0	189	210	35	64	35	64
631	3357753640	51801	30463	0	0	0	0	189	210	35	64	35	64
632	3373730600	51884	30493	0	0	0	0	189	211	35	64	35	64
633	3389758160	51967	30523	0	0	0	0	189	211	35	64	35	64
634	3405836400	52050	30553	0	0	0	0	189	211	35	64	35	64
635	3421965400	52133	30583	0	0	0	0	189	212	35	64	35	64
636	3438145240	52216	30613	0	0	0	0	190	212	35	64	35	64
637	3454376000	52299	30643	0	0	0	0	190	212	35	64	35	64
638	3470657760	52382	30673	0	0	0	0	190	213	35	64	35	64
639	3486990600	52465	30703	0	0	0	0	191	213	35	64	35	64
640	3503374600	52548	30733	0	0	0	0	191	213	35	65	35	65
641	3519809840	52631	30763	0	0	0	0	191	214	35	65	35	65
642	3536296400	52714	30793	0	0	0	0	192	214	35	65	35	65
643	3552834360	52797	30823	0	0	0	0	192	214	35	65	35	65
644	3569423800	52880	30853	0	0	0	0	192	215	35	65	35	65
645	3586064800	52963	30883	0	0	0	0	193	215	35	65	35	65
646	3602757440	53046	30913	0	0	0	0	193	215	35	65	35	65
647	3619501800	53129	30943	0	0	0	0	193	216	35	65	35	65
648	3636297960	53212	30973	0	0	0	0	194	216	36	65	36	65
649	3653146000	53295	31003	0	0	0	0	194	216	36	65	36	65
650	3670046000	53378	31033	0	0	0	0	194	217	36	66	36	66
651	3686998040	53461	31063	0	0	0	0	195	217	36	66	36	66
652	3704002200	53544	31093	0	0	0	0	195	217	36	66	36	66
653	3721058560	53627	31123	0	0	0	0	195	218	36	66	36	66
654	3738167200	53710	31153	0	0	0	0	196	218	36	66	36	66
655	3755328200	53793	31183	0	0	0	0	196	218	36	66	36	66
656	3772541640	53876	31213	0	0	0	0	196	219	36	66	36	66
657	3789807600	53959	31243	0	0	0	0	197	219	36	66	36	66
658	3807126160	54042	31273	0	0	0	0	197	219	36	66	36	66
659	3824497400	54125	31303	0	0	0	0	197	220	36	66	36	66
660	3841921400	54208	31333	0	0	0	0	198	220	36	67	36	67
661	3859398240	54291	31363	0	0	0	0	198	220	36	67	36	67
662	3876928000	54374	31393	0	0	0	0	198	221	36	67	36	67
663	3894510760	54457	31423	0	0	0	0	198	221	36	67	36	67
664	3912146600	54540	31453	0	0	0	0	198	221	36	67	36	67
665	3929835600	54623	31483	0	0	0	0	198	222	36	67	36	67
666	3947577840	54706	31513	0	0	0	0	199	222	37	67	37	67
667	3965373400	54789	31543	0	0	0	0	199	222	37	67	37	67
668	3983222360	54872	31573	0	0	0	0	199	223	37	67	37	67
669	4001124800	54955	31603	0	0	0	0	200	223	37	67	37	67
670	4019080800	55038	31633	0	0	0	0	200	223	37	68	37	68
671	4037090440	55121	31663	0	0	0	0	200	224	37	68	37	68
672	4055153800	55204	31693	0	0	0	0	201	224	37	68	37	68
673	4073270960	55287	31723	0	0	0	0	201	224	37	68	37	68
674	4091442000	55370	31753	0	0	0	0	201	225	37	68	37	68
675	4109667000	55453	31783	0	0	0	0	202	225	37	68	37	68
676	4127946040	55536	31813	0	0	0	0	202	225	37	68	37	68
677	4146279200	55619	31843	0	0	0	0	202	226	37	68	37	68
678	4164666560	55702	31873	0	0	0	0	203	226	37	68	37	68
679	4183108200	55785	31903	0	0	0	0	203	226	37	68	37	68
680	4201604200	55868	31933	0	0	0	0	203	227	37	69	37	69
681	4220154640	55951	31963	0	0	0	0	204	227	37	69	37	69
682	4238759600	56034	31993	0	0	0	0	204	227	37	69	37	69
683	4257419160	56117	32023	0	0	0	0	204	228	37	69	37	69
684	4276133400	56200	32053	0	0	0	0	205	228	38	69	38	69
685	4294902400	56283	32083	0	0	0	0	205	228	38	69	38	69
686	4313726240	56366	32113	0	0	0	0	205	229	38	69	38	69
687	4332605000	56449	32143	0	0	0	0	206	229	38	69	38	69
688	4351538760	56532	32173	0	0	0	0	206	229	38	69	38	69
689	4370527600	56615	32203	0	0	0	0	206	230	38	69	38	69
690	4389571600	56698	32233	0	0	0	0	207	230	38	70	38	70
691	4408670840	56781	32263	0	0	0	0	207	230	38	70	38	70
692	4427825400	56864	32293	0	0	0	0	207	231	38	70	38	70
693	4447035360	56947	32323	0	0	0	0	207	231	38	70	38	70
694	4466300800	57030	32353	0	0	0	0	207	231	38	70	38	70
695	4485621800	57113	32383	0	0	0	0	207	232	38	70	38	70
696	4504998440	57196	32413	0	0	0	0	208	232	38	70	38	70
697	4524430800	57279	32443	0	0	0	0	208	232	38	70	38	70
698	4543918960	57362	32473	0	0	0	0	208	233	38	70	38	70
699	4563463000	57445	32503	0	0	0	0	209	233	38	70	38	70
700	4583063000	57528	32533	0	0	0	0	209	233	38	71	38	71
701	4602719040	57611	32563	0	0	0	0	209	234	38	71	38	71
702	4622431200	57694	32593	0	0	0	0	210	234	39	71	39	71
703	4642199560	57777	32623	0	0	0	0	210	234	39	71	39	71
704	4662024200	57860	32653	0	0	0	0	210	235	39	71	39	71
705	4681905200	57943	32683	0	0	0	0	211	235	39	71	39	71
706	4701842640	58026	32713	0	0	0	0	211	235	39	71	39	71
707	4721836600	58109	32743	0	0	0	0	211	236	39	71	39	71
708	4741887160	58192	32773	0	0	0	0	212	236	39	71	39	71
709	4761994400	58275	32803	0	0	0	0	212	236	39	71	39	71
710	4782158400	58358	32833	0	0	0	0	212	237	39	72	39	72
711	4802379240	58441	32863	0	0	0	0	213	237	39	72	39	72
712	4822657000	58524	32893	0	0	0	0	213	237	39	72	39	72
713	4842991760	58607	32923	0	0	0	0	213	238	39	72	39	72
714	4863383600	58690	32953	0	0	0	0	214	238	39	72	39	72
715	4883832600	58773	32983	0	0	0	0	214	238	39	72	39	72
716	4904338840	58856	33013	0	0	0	0	214	239	39	72	39	72
717	4924902400	58939	33043	0	0	0	0	215	239	39	72	39	72
718	4945523360	59022	33073	0	0	0	0	215	239	39	72	39	72
719	4966201800	59105	33103	0	0	0	0	215	240	39	72	39	72
720	4986937800	59188	33133	0	0	0	0	216	240	40	73	40	73
721	5007731440	59271	33163	0	0	0	0	216	240	40	73	40	73
722	5028582800	59354	33193	0	0	0	0	216	241	40	73	40	73
723	5049491960	59437	33223	0	0	0	0	216	241	40	73	40	73
724	5070459000	59520	33253	0	0	0	0	216	241	40	73	40	73
725	5091484000	59603	33283	0	0	0	0	216	242	40	73	40	73
726	5112567040	59686	33313	0	0	0	0	217	242	40	73	40	73
727	5133708200	59769	33343	0	0	0	0	217	242	40	73	40	73
728	5154907560	59852	33373	0	0	0	0	217	243	40	73	40	73
729	5176165200	59935	33403	0	0	0	0	218	243	40	73	40	73
730	5197481200	60018	33433	0	0	0	0	218	243	40	74	40	74
731	5218855640	60101	33463	0	0	0	0	218	244	40	74	40	74
732	5240288600	60184	33493	0	0	0	0	219	244	40	74	40	74
733	5261780160	60267	33523	0	0	0	0	219	244	40	74	40	74
734	5283330400	60350	33553	0	0	0	0	219	245	40	74	40	74
735	5304939400	60433	33583	0	0	0	0	220	245	40	74	40	74
736	5326607240	60516	33613	0	0	0	0	220	245	40	74	40	74
737	5348334000	60599	33643	0	0	0	0	220	246	40	74	40	74
738	5370119760	60682	33673	0	0	0	0	221	246	41	74	41	74
739	5391964600	60765	33703	0	0	0	0	221	246	41	74	41	74
740	5413868600	60848	33733	0	0	0	0	221	247	41	75	41	75
741	5435831840	60931	33763	0	0	0	0	222	247	41	75	41	75
742	5457854400	61014	33793	0	0	0	0	222	247	41	75	41	75
743	5479936360	61097	33823	0	0	0	0	222	248	41	75	41	75
744	5502077800	61180	33853	0	0	0	0	223	248	41	75	41	75
745	5524278800	61263	33883	0	0	0	0	223	248	41	75	41	75
746	5546539440	61346	33913	0	0	0	0	223	249	41	75	41	75
747	5568859800	61429	33943	0	0	0	0	224	249	41	75	41	75
748	5591239960	61512	33973	0	0	0	0	224	249	41	75	41	75
749	5613680000	61595	34003	0	0	0	0	224	250	41	75	41	75
750	5636180000	61678	34033	0	0	0	0	225	250	41	76	41	76
751	5658740040	61761	34063	0	0	0	0	225	250	41	76	41	76
752	5681360200	61844	34093	0	0	0	0	225	251	41	76	41	76
753	5704040560	61927	34123	0	0	0	0	225	251	41	76	41	76
754	5726781200	62010	34153	0	0	0	0	225	251	41	76	41	76
755	5749582200	62093	34183	0	0	0	0	225	252	41	76	41	76
756	5772443640	62176	34213	0	0	0	0	226	252	42	76	42	76
757	5795365600	62259	34243	0	0	0	0	226	252	42	76	42	76
758	5818348160	62342	34273	0	0	0	0	226	253	42	76	42	76
759	5841391400	62425	34303	0	0	0	0	227	253	42	76	42	76
760	5864495400	62508	34333	0	0	0	0	227	253	42	77	42	77
761	5887660240	62591	34363	0	0	0	0	227	254	42	77	42	77
762	5910886000	62674	34393	0	0	0	0	228	254	42	77	42	77
763	5934172760	62757	34423	0	0	0	0	228	254	42	77	42	77
764	5957520600	62840	34453	0	0	0	0	228	255	42	77	42	77
765	5980929600	62923	34483	0	0	0	0	229	255	42	77	42	77
766	6004399840	63006	34513	0	0	0	0	229	255	42	77	42	77
767	6027931400	63089	34543	0	0	0	0	229	256	42	77	42	77
768	6051524360	63172	34573	0	0	0	0	230	256	42	77	42	77
769	6075178800	63255	34603	0	0	0	0	230	256	42	77	42	77
770	6098894800	63338	34633	0	0	0	0	230	257	42	78	42	78
771	6122672440	63421	34663	0	0	0	0	231	257	42	78	42	78
772	6146511800	63504	34693	0	0	0	0	231	257	42	78	42	78
773	6170412960	63587	34723	0	0	0	0	231	258	42	78	42	78
774	6194376000	63670	34753	0	0	0	0	232	258	43	78	43	78
775	6218401000	63753	34783	0	0	0	0	232	258	43	78	43	78
776	6242488040	63836	34813	0	0	0	0	232	259	43	78	43	78
777	6266637200	63919	34843	0	0	0	0	233	259	43	78	43	78
778	6290848560	64002	34873	0	0	0	0	233	259	43	78	43	78
779	6315122200	64085	34903	0	0	0	0	233	260	43	78	43	78
780	6339458200	64168	34933	0	0	0	0	234	260	43	79	43	79
781	6363856640	64251	34963	0	0	0	0	234	260	43	79	43	79
782	6388317600	64334	34993	0	0	0	0	234	261	43	79	43	79
783	6412841160	64417	35023	0	0	0	0	234	261	43	79	43	79
784	6437427400	64500	35053	0	0	0	0	234	261	43	79	43	79
785	6462076400	64583	35083	0	0	0	0	234	262	43	79	43	79
786	6486788240	64666	35113	0	0	0	0	235	262	43	79	43	79
787	6511563000	64749	35143	0	0	0	0	235	262	43	79	43	79
788	6536400760	64832	35173	0	0	0	0	235	263	43	79	43	79
789	6561301600	64915	35203	0	0	0	0	236	263	43	79	43	79
790	6586265600	64998	35233	0	0	0	0	236	263	43	80	43	80
791	6611292840	65081	35263	0	0	0	0	236	264	43	80	43	80
792	6636383400	65164	35293	0	0	0	0	237	264	44	80	44	80
793	6661537360	65247	35323	0	0	0	0	237	264	44	80	44	80
794	6686754800	65330	35353	0	0	0	0	237	265	44	80	44	80
795	6712035800	65413	35383	0	0	0	0	238	265	44	80	44	80
796	6737380440	65496	35413	0	0	0	0	238	265	44	80	44	80
797	6762788800	65579	35443	0	0	0	0	238	266	44	80	44	80
798	6788260960	65662	35473	0	0	0	0	239	266	44	80	44	80
799	6813797000	65745	35503	0	0	0	0	239	266	44	80	44	80
800	6839397000	65828	35533	0	0	0	0	239	267	44	81	44	81
801	6865061040	65911	35563	0	0	0	0	240	267	44	81	44	81
802	6890789200	65994	35593	0	0	0	0	240	267	44	81	44	81
803	6916581560	66077	35623	0	0	0	0	240	268	44	81	44	81
804	6942438200	66160	35653	0	0	0	0	241	268	44	81	44	81
805	6968359200	66243	35683	0	0	0	0	241	268	44	81	44	81
806	6994344640	66326	35713	0	0	0	0	241	269	44	81	44	81
807	7020394600	66409	35743	0	0	0	0	242	269	44	81	44	81
808	7046509160	66492	35773	0	0	0	0	242	269	44	81	44	81
809	7072688400	66575	35803	0	0	0	0	242	270	44	81	44	81
810	7098932400	66658	35833	0	0	0	0	243	270	45	82	45	82
811	7125241240	66741	35863	0	0	0	0	243	270	45	82	45	82
812	7151615000	66824	35893	0	0	0	0	243	271	45	82	45	82
813	7178053760	66907	35923	0	0	0	0	243	271	45	82	45	82
814	7204557600	66990	35953	0	0	0	0	243	271	45	82	45	82
815	7231126600	67073	35983	0	0	0	0	243	272	45	82	45	82
816	7257760840	67156	36013	0	0	0	0	244	272	45	82	45	82
817	7284460400	67239	36043	0	0	0	0	244	272	45	82	45	82
818	7311225360	67322	36073	0	0	0	0	244	273	45	82	45	82
819	7338055800	67405	36103	0	0	0	0	245	273	45	82	45	82
820	7364951800	67488	36133	0	0	0	0	245	273	45	83	45	83
821	7391913440	67571	36163	0	0	0	0	245	274	45	83	45	83
822	7418940800	67654	36193	0	0	0	0	246	274	45	83	45	83
823	7446033960	67737	36223	0	0	0	0	246	274	45	83	45	83
824	7473193000	67820	36253	0	0	0	0	246	275	45	83	45	83
825	7500418000	67903	36283	0	0	0	0	247	275	45	83	45	83
826	7527709040	67986	36313	0	0	0	0	247	275	45	83	45	83
827	7555066200	68069	36343	0	0	0	0	247	276	45	83	45	83
828	7582489560	68152	36373	0	0	0	0	248	276	46	83	46	83
829	7609979200	68235	36403	0	0	0	0	248	276	46	83	46	83
830	7637535200	68318	36433	0	0	0	0	248	277	46	84	46	84
831	7665157640	68401	36463	0	0	0	0	249	277	46	84	46	84
832	7692846600	68484	36493	0	0	0	0	249	277	46	84	46	84
833	7720602160	68567	36523	0	0	0	0	249	278	46	84	46	84
834	7748424400	68650	36553	0	0	0	0	250	278	46	84	46	84
835	7776313400	68733	36583	0	0	0	0	250	278	46	84	46	84
836	7804269240	68816	36613	0	0	0	0	250	279	46	84	46	84
837	7832292000	68899	36643	0	0	0	0	251	279	46	84	46	84
838	7860381760	68982	36673	0	0	0	0	251	279	46	84	46	84
839	7888538600	69065	36703	0	0	0	0	251	280	46	84	46	84
840	7916762600	69148	36733	0	0	0	0	252	280	46	85	46	85
841	7945053840	69231	36763	0	0	0	0	252	280	46	85	46	85
842	7973412400	69314	36793	0	0	0	0	252	281	46	85	46	85
843	8001838360	69397	36823	0	0	0	0	252	281	46	85	46	85
844	8030331800	69480	36853	0	0	0	0	252	281	46	85	46	85
845	8058892800	69563	36883	0	0	0	0	252	282	46	85	46	85
846	8087521440	69646	36913	0	0	0	0	253	282	47	85	47	85
847	8116217800	69729	36943	0	0	0	0	253	282	47	85	47	85
848	8144981960	69812	36973	0	0	0	0	253	283	47	85	47	85
849	8173814000	69895	37003	0	0	0	0	254	283	47	85	47	85
850	8202714000	69978	37033	0	0	0	0	254	283	47	86	47	86
851	8231682040	70061	37063	0	0	0	0	254	284	47	86	47	86
852	8260718200	70144	37093	0	0	0	0	255	284	47	86	47	86
853	8289822560	70227	37123	0	0	0	0	255	284	47	86	47	86
854	8318995200	70310	37153	0	0	0	0	255	285	47	86	47	86
855	8348236200	70393	37183	0	0	0	0	256	285	47	86	47	86
856	8377545640	70476	37213	0	0	0	0	256	285	47	86	47	86
857	8406923600	70559	37243	0	0	0	0	256	286	47	86	47	86
858	8436370160	70642	37273	0	0	0	0	257	286	47	86	47	86
859	8465885400	70725	37303	0	0	0	0	257	286	47	86	47	86
860	8495469400	70808	37333	0	0	0	0	257	287	47	87	47	87
861	8525122240	70891	37363	0	0	0	0	258	287	47	87	47	87
862	8554844000	70974	37393	0	0	0	0	258	287	47	87	47	87
863	8584634760	71057	37423	0	0	0	0	258	288	47	87	47	87
864	8614494600	71140	37453	0	0	0	0	259	288	48	87	48	87
865	8644423600	71223	37483	0	0	0	0	259	288	48	87	48	87
866	8674421840	71306	37513	0	0	0	0	259	289	48	87	48	87
867	8704489400	71389	37543	0	0	0	0	260	289	48	87	48	87
868	8734626360	71472	37573	0	0	0	0	260	289	48	87	48	87
869	8764832800	71555	37603	0	0	0	0	260	290	48	87	48	87
870	8795108800	71638	37633	0	0	0	0	261	290	48	88	48	88
871	8825454440	71721	37663	0	0	0	0	261	290	48	88	48	88
872	8855869800	71804	37693	0	0	0	0	261	291	48	88	48	88
873	8886354960	71887	37723	0	0	0	0	261	291	48	88	48	88
874	8916910000	71970	37753	0	0	0	0	261	291	48	88	48	88
875	8947535000	72053	37783	0	0	0	0	261	292	48	88	48	88
876	8978230040	72136	37813	0	0	0	0	262	292	48	88	48	88
877	9008995200	72219	37843	0	0	0	0	262	292	48	88	48	88
878	9039830560	72302	37873	0	0	0	0	262	293	48	88	48	88
879	9070736200	72385	37903	0	0	0	0	263	293	48	88	48	88
880	9101712200	72468	37933	0	0	0	0	263	293	48	89	48	89
881	9132758640	72551	37963	0	0	0	0	263	294	48	89	48	89
882	9163875600	72634	37993	0	0	0	0	264	294	49	89	49	89
883	9195063160	72717	38023	0	0	0	0	264	294	49	89	49	89
884	9226321400	72800	38053	0	0	0	0	264	295	49	89	49	89
885	9257650400	72883	38083	0	0	0	0	265	295	49	89	49	89
886	9289050240	72966	38113	0	0	0	0	265	295	49	89	49	89
887	9320521000	73049	38143	0	0	0	0	265	296	49	89	49	89
888	9352062760	73132	38173	0	0	0	0	266	296	49	89	49	89
889	9383675600	73215	38203	0	0	0	0	266	296	49	89	49	89
890	9415359600	73298	38233	0	0	0	0	266	297	49	90	49	90
891	9447114840	73381	38263	0	0	0	0	267	297	49	90	49	90
892	9478941400	73464	38293	0	0	0	0	267	297	49	90	49	90
893	9510839360	73547	38323	0	0	0	0	267	298	49	90	49	90
894	9542808800	73630	38353	0	0	0	0	268	298	49	90	49	90
895	9574849800	73713	38383	0	0	0	0	268	298	49	90	49	90
896	9606962440	73796	38413	0	0	0	0	268	299	49	90	49	90
897	9639146800	73879	38443	0	0	0	0	269	299	49	90	49	90
898	9671402960	73962	38473	0	0	0	0	269	299	49	90	49	90
899	9703731000	74045	38503	0	0	0	0	269	300	49	90	49	90
900	9736131000	74128	38533	0	0	0	0	270	300	50	91	50	91
901	9768603040	74211	38563	0	0	0	0	270	300	50	91	50	91
902	9801147200	74294	38593	0	0	0	0	270	301	50	91	50	91
903	9833763560	74377	38623	0	0	0	0	270	301	50	91	50	91
904	9866452200	74460	38653	0	0	0	0	270	301	50	91	50	91
905	9899213200	74543	38683	0	0	0	0	270	302	50	91	50	91
906	9932046640	74626	38713	0	0	0	0	271	302	50	91	50	91
907	9964952600	74709	38743	0	0	0	0	271	302	50	91	50	91
908	9997931160	74792	38773	0	0	0	0	271	303	50	91	50	91
909	10030982400	74875	38803	0	0	0	0	272	303	50	91	50	91
910	10064106400	74958	38833	0	0	0	0	272	303	50	92	50	92
911	10097303240	75041	38863	0	0	0	0	272	304	50	92	50	92
912	10130573000	75124	38893	0	0	0	0	273	304	50	92	50	92
913	10163915760	75207	38923	0	0	0	0	273	304	50	92	50	92
914	10197331600	75290	38953	0	0	0	0	273	305	50	92	50	92
915	10230820600	75373	38983	0	0	0	0	274	305	50	92	50	92
916	10264382840	75456	39013	0	0	0	0	274	305	50	92	50	92
917	10298018400	75539	39043	0	0	0	0	274	306	50	92	50	92
918	10331727360	75622	39073	0	0	0	0	275	306	51	92	51	92
919	10365509800	75705	39103	0	0	0	0	275	306	51	92	51	92
920	10399365800	75788	39133	0	0	0	0	275	307	51	93	51	93
921	10433295440	75871	39163	0	0	0	0	276	307	51	93	51	93
922	10467298800	75954	39193	0	0	0	0	276	307	51	93	51	93
923	10501375960	76037	39223	0	0	0	0	276	308	51	93	51	93
924	10535527000	76120	39253	0	0	0	0	277	308	51	93	51	93
925	10569752000	76203	39283	0	0	0	0	277	308	51	93	51	93
926	10604051040	76286	39313	0	0	0	0	277	309	51	93	51	93
927	10638424200	76369	39343	0	0	0	0	278	309	51	93	51	93
928	10672871560	76452	39373	0	0	0	0	278	309	51	93	51	93
929	10707393200	76535	39403	0	0	0	0	278	310	51	93	51	93
930	10741989200	76618	39433	0	0	0	0	279	310	51	94	51	94
931	10776659640	76701	39463	0	0	0	0	279	310	51	94	51	94
932	10811404600	76784	39493	0	0	0	0	279	311	51	94	51	94
933	10846224160	76867	39523	0	0	0	0	279	311	51	94	51	94
934	10881118400	76950	39553	0	0	0	0	279	311	51	94	51	94
935	10916087400	77033	39583	0	0	0	0	279	312	51	94	51	94
936	10951131240	77116	39613	0	0	0	0	280	312	52	94	52	94
937	10986250000	77199	39643	0	0	0	0	280	312	52	94	52	94
938	11021443760	77282	39673	0	0	0	0	280	313	52	94	52	94
939	11056712600	77365	39703	0	0	0	0	281	313	52	94	52	94
940	11092056600	77448	39733	0	0	0	0	281	313	52	95	52	95
941	11127475840	77531	39763	0	0	0	0	281	314	52	95	52	95
942	11162970400	77614	39793	0	0	0	0	282	314	52	95	52	95
943	11198540360	77697	39823	0	0	0	0	282	314	52	95	52	95
944	11234185800	77780	39853	0	0	0	0	282	315	52	95	52	95
945	11269906800	77863	39883	0	0	0	0	283	315	52	95	52	95
946	11305703440	77946	39913	0	0	0	0	283	315	52	95	52	95
947	11341575800	78029	39943	0	0	0	0	283	316	52	95	52	95
948	11377523960	78112	39973	0	0	0	0	284	316	52	95	52	95
949	11413548000	78195	40003	0	0	0	0	284	316	52	95	52	95
950	11449648000	78278	40033	0	0	0	0	284	317	52	96	52	96
951	11485824040	78361	40063	0	0	0	0	285	317	52	96	52	96
952	11522076200	78444	40093	0	0	0	0	285	317	52	96	52	96
953	11558404560	78527	40123	0	0	0	0	285	318	52	96	52	96
954	11594809200	78610	40153	0	0	0	0	286	318	53	96	53	96
955	11631290200	78693	40183	0	0	0	0	286	318	53	96	53	96
956	11667847640	78776	40213	0	0	0	0	286	319	53	96	53	96
957	11704481600	78859	40243	0	0	0	0	287	319	53	96	53	96
958	11741192160	78942	40273	0	0	0	0	287	319	53	96	53	96
959	11777979400	79025	40303	0	0	0	0	287	320	53	96	53	96
960	11814843400	79108	40333	0	0	0	0	288	320	53	97	53	97
961	11851784240	79191	40363	0	0	0	0	288	320	53	97	53	97
962	11888802000	79274	40393	0	0	0	0	288	321	53	97	53	97
963	11925896760	79357	40423	0	0	0	0	288	321	53	97	53	97
964	11963068600	79440	40453	0	0	0	0	288	321	53	97	53	97
965	12000317600	79523	40483	0	0	0	0	288	322	53	97	53	97
966	12037643840	79606	40513	0	0	0	0	289	322	53	97	53	97
967	12075047400	79689	40543	0	0	0	0	289	322	53	97	53	97
968	12112528360	79772	40573	0	0	0	0	289	323	53	97	53	97
969	12150086800	79855	40603	0	0	0	0	290	323	53	97	53	97
970	12187722800	79938	40633	0	0	0	0	290	323	53	98	53	98
971	12225436440	80021	40663	0	0	0	0	290	324	53	98	53	98
972	12263227800	80104	40693	0	0	0	0	291	324	54	98	54	98
973	12301096960	80187	40723	0	0	0	0	291	324	54	98	54	98
974	12339044000	80270	40753	0	0	0	0	291	325	54	98	54	98
975	12377069000	80353	40783	0	0	0	0	292	325	54	98	54	98
976	12415172040	80436	40813	0	0	0	0	292	325	54	98	54	98
977	12453353200	80519	40843	0	0	0	0	292	326	54	98	54	98
978	12491612560	80602	40873	0	0	0	0	293	326	54	98	54	98
979	12529950200	80685	40903	0	0	0	0	293	326	54	98	54	98
980	12568366200	80768	40933	0	0	0	0	293	327	54	99	54	99
981	12606860640	80851	40963	0	0	0	0	294	327	54	99	54	99
982	12645433600	80934	40993	0	0	0	0	294	327	54	99	54	99
983	12684085160	81017	41023	0	0	0	0	294	328	54	99	54	99
984	12722815400	81100	41053	0	0	0	0	295	328	54	99	54	99
985	12761624400	81183	41083	0	0	0	0	295	328	54	99	54	99
986	12800512240	81266	41113	0	0	0	0	295	329	54	99	54	99
987	12839479000	81349	41143	0	0	0	0	296	329	54	99	54	99
988	12878524760	81432	41173	0	0	0	0	296	329	54	99	54	99
989	12917649600	81515	41203	0	0	0	0	296	330	54	99	54	99
990	12956853600	81598	41233	0	0	0	0	297	330	55	100	55	100
991	12996136840	81681	41263	0	0	0	0	297	330	55	100	55	100
992	13035499400	81764	41293	0	0	0	0	297	331	55	100	55	100
993	13074941360	81847	41323	0	0	0	0	297	331	55	100	55	100
994	13114462800	81930	41353	0	0	0	0	297	331	55	100	55	100
995	13154063800	82013	41383	0	0	0	0	297	332	55	100	55	100
996	13193744440	82096	41413	0	0	0	0	298	332	55	100	55	100
997	13233504800	82179	41443	0	0	0	0	298	332	55	100	55	100
998	13273344960	82262	41473	0	0	0	0	298	333	55	100	55	100
999	13313265000	82345	41503	0	0	0	0	299	333	55	100	55	100
1000	13353265000	82428	41533	0	0	0	0	299	333	55	101	55	101
1001	13393345040	82511	41563	0	0	0	0	299	334	55	101	55	101
1002	13433505200	82594	41593	0	0	0	0	300	334	55	101	55	101
1003	13473745560	82677	41623	0	0	0	0	300	334	55	101	55	101
1004	13514066200	82760	41653	0	0	0	0	300	335	55	101	55	101
1005	13554467200	82843	41683	0	0	0	0	301	335	55	101	55	101
1006	13594948640	82926	41713	0	0	0	0	301	335	55	101	55	101
1007	13635510600	83009	41743	0	0	0	0	301	336	55	101	55	101
1008	13676153160	83092	41773	0	0	0	0	302	336	56	101	56	101
1009	13716876400	83175	41803	0	0	0	0	302	336	56	101	56	101
1010	13757680400	83258	41833	0	0	0	0	302	337	56	102	56	102
1011	13798565240	83341	41863	0	0	0	0	303	337	56	102	56	102
1012	13839531000	83424	41893	0	0	0	0	303	337	56	102	56	102
1013	13880577760	83507	41923	0	0	0	0	303	338	56	102	56	102
1014	13921705600	83590	41953	0	0	0	0	304	338	56	102	56	102
1015	13962914600	83673	41983	0	0	0	0	304	338	56	102	56	102
1016	14004204840	83756	42013	0	0	0	0	304	339	56	102	56	102
1017	14045576400	83839	42043	0	0	0	0	305	339	56	102	56	102
1018	14087029360	83922	42073	0	0	0	0	305	339	56	102	56	102
1019	14128563800	84005	42103	0	0	0	0	305	340	56	102	56	102
1020	14170179800	84088	42133	0	0	0	0	306	340	56	103	56	103
1021	14211877440	84171	42163	0	0	0	0	306	340	56	103	56	103
1022	14253656800	84254	42193	0	0	0	0	306	341	56	103	56	103
1023	14295517960	84337	42223	0	0	0	0	306	341	56	103	56	103
1024	14337461000	84420	42253	0	0	0	0	306	341	56	103	56	103
1025	14379486000	84503	42283	0	0	0	0	306	342	56	103	56	103
1026	14421593040	84586	42313	0	0	0	0	307	342	57	103	57	103
1027	14463782200	84669	42343	0	0	0	0	307	342	57	103	57	103
1028	14506053560	84752	42373	0	0	0	0	307	343	57	103	57	103
1029	14548407200	84835	42403	0	0	0	0	308	343	57	103	57	103
1030	14590843200	84918	42433	0	0	0	0	308	343	57	104	57	104
1031	14633361640	85001	42463	0	0	0	0	308	344	57	104	57	104
1032	14675962600	85084	42493	0	0	0	0	309	344	57	104	57	104
1033	14718646160	85167	42523	0	0	0	0	309	344	57	104	57	104
1034	14761412400	85250	42553	0	0	0	0	309	345	57	104	57	104
1035	14804261400	85333	42583	0	0	0	0	310	345	57	104	57	104
1036	14847193240	85416	42613	0	0	0	0	310	345	57	104	57	104
1037	14890208000	85499	42643	0	0	0	0	310	346	57	104	57	104
1038	14933305760	85582	42673	0	0	0	0	311	346	57	104	57	104
1039	14976486600	85665	42703	0	0	0	0	311	346	57	104	57	104
1040	15019750600	85748	42733	0	0	0	0	311	347	57	105	57	105
1041	15063097840	85831	42763	0	0	0	0	312	347	57	105	57	105
1042	15106528400	85914	42793	0	0	0	0	312	347	57	105	57	105
1043	15150042360	85997	42823	0	0	0	0	312	348	57	105	57	105
1044	15193639800	86080	42853	0	0	0	0	313	348	58	105	58	105
1045	15237320800	86163	42883	0	0	0	0	313	348	58	105	58	105
1046	15281085440	86246	42913	0	0	0	0	313	349	58	105	58	105
1047	15324933800	86329	42943	0	0	0	0	314	349	58	105	58	105
1048	15368865960	86412	42973	0	0	0	0	314	349	58	105	58	105
1049	15412882000	86495	43003	0	0	0	0	314	350	58	105	58	105
1050	15456982000	86578	43033	0	0	0	0	315	350	58	106	58	106
1051	15501166040	86661	43063	0	0	0	0	315	350	58	106	58	106
1052	15545434200	86744	43093	0	0	0	0	315	351	58	106	58	106
1053	15589786560	86827	43123	0	0	0	0	315	351	58	106	58	106
1054	15634223200	86910	43153	0	0	0	0	315	351	58	106	58	106
1055	15678744200	86993	43183	0	0	0	0	315	352	58	106	58	106
1056	15723349640	87076	43213	0	0	0	0	316	352	58	106	58	106
1057	15768039600	87159	43243	0	0	0	0	316	352	58	106	58	106
1058	15812814160	87242	43273	0	0	0	0	316	353	58	106	58	106
1059	15857673400	87325	43303	0	0	0	0	317	353	58	106	58	106
1060	15902617400	87408	43333	0	0	0	0	317	353	58	107	58	107
1061	15947646240	87491	43363	0	0	0	0	317	354	58	107	58	107
1062	15992760000	87574	43393	0	0	0	0	318	354	59	107	59	107
1063	16037958760	87657	43423	0	0	0	0	318	354	59	107	59	107
1064	16083242600	87740	43453	0	0	0	0	318	355	59	107	59	107
1065	16128611600	87823	43483	0	0	0	0	319	355	59	107	59	107
1066	16174065840	87906	43513	0	0	0	0	319	355	59	107	59	107
1067	16219605400	87989	43543	0	0	0	0	319	356	59	107	59	107
1068	16265230360	88072	43573	0	0	0	0	320	356	59	107	59	107
1069	16310940800	88155	43603	0	0	0	0	320	356	59	107	59	107
1070	16356736800	88238	43633	0	0	0	0	320	357	59	108	59	108
1071	16402618440	88321	43663	0	0	0	0	321	357	59	108	59	108
1072	16448585800	88404	43693	0	0	0	0	321	357	59	108	59	108
1073	16494638960	88487	43723	0	0	0	0	321	358	59	108	59	108
1074	16540778000	88570	43753	0	0	0	0	322	358	59	108	59	108
1075	16587003000	88653	43783	0	0	0	0	322	358	59	108	59	108
1076	16633314040	88736	43813	0	0	0	0	322	359	59	108	59	108
1077	16679711200	88819	43843	0	0	0	0	323	359	59	108	59	108
1078	16726194560	88902	43873	0	0	0	0	323	359	59	108	59	108
1079	16772764200	88985	43903	0	0	0	0	323	360	59	108	59	108
1080	16819420200	89068	43933	0	0	0	0	324	360	60	109	60	109
1081	16866162640	89151	43963	0	0	0	0	324	360	60	109	60	109
1082	16912991600	89234	43993	0	0	0	0	324	361	60	109	60	109
1083	16959907160	89317	44023	0	0	0	0	324	361	60	109	60	109
1084	17006909400	89400	44053	0	0	0	0	324	361	60	109	60	109
1085	17053998400	89483	44083	0	0	0	0	324	362	60	109	60	109
1086	17101174240	89566	44113	0	0	0	0	325	362	60	109	60	109
1087	17148437000	89649	44143	0	0	0	0	325	362	60	109	60	109
1088	17195786760	89732	44173	0	0	0	0	325	363	60	109	60	109
1089	17243223600	89815	44203	0	0	0	0	326	363	60	109	60	109
1090	17290747600	89898	44233	0	0	0	0	326	363	60	110	60	110
1091	17338358840	89981	44263	0	0	0	0	326	364	60	110	60	110
1092	17386057400	90064	44293	0	0	0	0	327	364	60	110	60	110
1093	17433843360	90147	44323	0	0	0	0	327	364	60	110	60	110
1094	17481716800	90230	44353	0	0	0	0	327	365	60	110	60	110
1095	17529677800	90313	44383	0	0	0	0	328	365	60	110	60	110
1096	17577726440	90396	44413	0	0	0	0	328	365	60	110	60	110
1097	17625862800	90479	44443	0	0	0	0	328	366	60	110	60	110
1098	17674086960	90562	44473	0	0	0	0	329	366	61	110	61	110
1099	17722399000	90645	44503	0	0	0	0	329	366	61	110	61	110
1100	17770799000	90728	44533	0	0	0	0	329	367	61	111	61	111
1101	17819287040	90811	44563	0	0	0	0	330	367	61	111	61	111
1102	17867863200	90894	44593	0	0	0	0	330	367	61	111	61	111
1103	17916527560	90977	44623	0	0	0	0	330	368	61	111	61	111
1104	17965280200	91060	44653	0	0	0	0	331	368	61	111	61	111
1105	18014121200	91143	44683	0	0	0	0	331	368	61	111	61	111
1106	18063050640	91226	44713	0	0	0	0	331	369	61	111	61	111
1107	18112068600	91309	44743	0	0	0	0	332	369	61	111	61	111
1108	18161175160	91392	44773	0	0	0	0	332	369	61	111	61	111
1109	18210370400	91475	44803	0	0	0	0	332	370	61	111	61	111
1110	18259654400	91558	44833	0	0	0	0	333	370	61	112	61	112
1111	18309027240	91641	44863	0	0	0	0	333	370	61	112	61	112
1112	18358489000	91724	44893	0	0	0	0	333	371	61	112	61	112
1113	18408039760	91807	44923	0	0	0	0	333	371	61	112	61	112
1114	18457679600	91890	44953	0	0	0	0	333	371	61	112	61	112
1115	18507408600	91973	44983	0	0	0	0	333	372	61	112	61	112
1116	18557226840	92056	45013	0	0	0	0	334	372	62	112	62	112
1117	18607134400	92139	45043	0	0	0	0	334	372	62	112	62	112
1118	18657131360	92222	45073	0	0	0	0	334	373	62	112	62	112
1119	18707217800	92305	45103	0	0	0	0	335	373	62	112	62	112
1120	18757393800	92388	45133	0	0	0	0	335	373	62	113	62	113
1121	18807659440	92471	45163	0	0	0	0	335	374	62	113	62	113
1122	18858014800	92554	45193	0	0	0	0	336	374	62	113	62	113
1123	18908459960	92637	45223	0	0	0	0	336	374	62	113	62	113
1124	18958995000	92720	45253	0	0	0	0	336	375	62	113	62	113
1125	19009620000	92803	45283	0	0	0	0	337	375	62	113	62	113
1126	19060335040	92886	45313	0	0	0	0	337	375	62	113	62	113
1127	19111140200	92969	45343	0	0	0	0	337	376	62	113	62	113
1128	19162035560	93052	45373	0	0	0	0	338	376	62	113	62	113
1129	19213021200	93135	45403	0	0	0	0	338	376	62	113	62	113
1130	19264097200	93218	45433	0	0	0	0	338	377	62	114	62	114
1131	19315263640	93301	45463	0	0	0	0	339	377	62	114	62	114
1132	19366520600	93384	45493	0	0	0	0	339	377	62	114	62	114
1133	19417868160	93467	45523	0	0	0	0	339	378	62	114	62	114
1134	19469306400	93550	45553	0	0	0	0	340	378	63	114	63	114
1135	19520835400	93633	45583	0	0	0	0	340	378	63	114	63	114
1136	19572455240	93716	45613	0	0	0	0	340	379	63	114	63	114
1137	19624166000	93799	45643	0	0	0	0	341	379	63	114	63	114
1138	19675967760	93882	45673	0	0	0	0	341	379	63	114	63	114
1139	19727860600	93965	45703	0	0	0	0	341	380	63	114	63	114
1140	19779844600	94048	45733	0	0	0	0	342	380	63	115	63	115
1141	19831919840	94131	45763	0	0	0	0	342	380	63	115	63	115
1142	19884086400	94214	45793	0	0	0	0	342	381	63	115	63	115
1143	19936344360	94297	45823	0	0	0	0	342	381	63	115	63	115
1144	19988693800	94380	45853	0	0	0	0	342	381	63	115	63	115
1145	20041134800	94463	45883	0	0	0	0	342	382	63	115	63	115
1146	20093667440	94546	45913	0	0	0	0	343	382	63	115	63	115
1147	20146291800	94629	45943	0	0	0	0	343	382	63	115	63	115
1148	20199007960	94712	45973	0	0	0	0	343	383	63	115	63	115
1149	20251816000	94795	46003	0	0	0	0	344	383	63	115	63	115
1150	20304716000	94878	46033	0	0	0	0	344	383	63	116	63	116
1151	20357708040	94961	46063	0	0	0	0	344	384	63	116	63	116
1152	20410792200	95044	46093	0	0	0	0	345	384	64	116	64	116
1153	20463968560	95127	46123	0	0	0	0	345	384	64	116	64	116
1154	20517237200	95210	46153	0	0	0	0	345	385	64	116	64	116
1155	20570598200	95293	46183	0	0	0	0	346	385	64	116	64	116
1156	20624051640	95376	46213	0	0	0	0	346	385	64	116	64	116
1157	20677597600	95459	46243	0	0	0	0	346	386	64	116	64	116
1158	20731236160	95542	46273	0	0	0	0	347	386	64	116	64	116
1159	20784967400	95625	46303	0	0	0	0	347	386	64	116	64	116
1160	20838791400	95708	46333	0	0	0	0	347	387	64	117	64	117
1161	20892708240	95791	46363	0	0	0	0	348	387	64	117	64	117
1162	20946718000	95874	46393	0	0	0	0	348	387	64	117	64	117
1163	21000820760	95957	46423	0	0	0	0	348	388	64	117	64	117
1164	21055016600	96040	46453	0	0	0	0	349	388	64	117	64	117
1165	21109305600	96123	46483	0	0	0	0	349	388	64	117	64	117
1166	21163687840	96206	46513	0	0	0	0	349	389	64	117	64	117
1167	21218163400	96289	46543	0	0	0	0	350	389	64	117	64	117
1168	21272732360	96372	46573	0	0	0	0	350	389	64	117	64	117
1169	21327394800	96455	46603	0	0	0	0	350	390	64	117	64	117
1170	21382150800	96538	46633	0	0	0	0	351	390	65	118	65	118
1171	21437000440	96621	46663	0	0	0	0	351	390	65	118	65	118
1172	21491943800	96704	46693	0	0	0	0	351	391	65	118	65	118
1173	21546980960	96787	46723	0	0	0	0	351	391	65	118	65	118
1174	21602112000	96870	46753	0	0	0	0	351	391	65	118	65	118
1175	21657337000	96953	46783	0	0	0	0	351	392	65	118	65	118
1176	21712656040	97036	46813	0	0	0	0	352	392	65	118	65	118
1177	21768069200	97119	46843	0	0	0	0	352	392	65	118	65	118
1178	21823576560	97202	46873	0	0	0	0	352	393	65	118	65	118
1179	21879178200	97285	46903	0	0	0	0	353	393	65	118	65	118
1180	21934874200	97368	46933	0	0	0	0	353	393	65	119	65	119
1181	21990664640	97451	46963	0	0	0	0	353	394	65	119	65	119
1182	22046549600	97534	46993	0	0	0	0	354	394	65	119	65	119
1183	22102529160	97617	47023	0	0	0	0	354	394	65	119	65	119
1184	22158603400	97700	47053	0	0	0	0	354	395	65	119	65	119
1185	22214772400	97783	47083	0	0	0	0	355	395	65	119	65	119
1186	22271036240	97866	47113	0	0	0	0	355	395	65	119	65	119
1187	22327395000	97949	47143	0	0	0	0	355	396	65	119	65	119
1188	22383848760	98032	47173	0	0	0	0	356	396	66	119	66	119
1189	22440397600	98115	47203	0	0	0	0	356	396	66	119	66	119
1190	22497041600	98198	47233	0	0	0	0	356	397	66	120	66	120
1191	22553780840	98281	47263	0	0	0	0	357	397	66	120	66	120
1192	22610615400	98364	47293	0	0	0	0	357	397	66	120	66	120
1193	22667545360	98447	47323	0	0	0	0	357	398	66	120	66	120
1194	22724570800	98530	47353	0	0	0	0	358	398	66	120	66	120
1195	22781691800	98613	47383	0	0	0	0	358	398	66	120	66	120
1196	22838908440	98696	47413	0	0	0	0	358	399	66	120	66	120
1197	22896220800	98779	47443	0	0	0	0	359	399	66	120	66	120
1198	22953628960	98862	47473	0	0	0	0	359	399	66	120	66	120
1199	23011133000	98945	47503	0	0	0	0	359	400	66	120	66	120
1200	23068733000	99028	47533	0	0	0	0	360	400	66	121	66	121
1201	23126429040	99111	47563	0	0	0	0	360	400	66	121	66	121
1202	23184221200	99194	47593	0	0	0	0	360	401	66	121	66	121
1203	23242109560	99277	47623	0	0	0	0	360	401	66	121	66	121
1204	23300094200	99360	47653	0	0	0	0	360	401	66	121	66	121
1205	23358175200	99443	47683	0	0	0	0	360	402	66	121	66	121
1206	23416352640	99526	47713	0	0	0	0	361	402	67	121	67	121
1207	23474626600	99609	47743	0	0	0	0	361	402	67	121	67	121
1208	23532997160	99692	47773	0	0	0	0	361	403	67	121	67	121
1209	23591464400	99775	47803	0	0	0	0	362	403	67	121	67	121
1210	23650028400	99858	47833	0	0	0	0	362	403	67	122	67	122
1211	23708689240	99941	47863	0	0	0	0	362	404	67	122	67	122
1212	23767447000	100024	47893	0	0	0	0	363	404	67	122	67	122
1213	23826301760	100107	47923	0	0	0	0	363	404	67	122	67	122
1214	23885253600	100190	47953	0	0	0	0	363	405	67	122	67	122
1215	23944302600	100273	47983	0	0	0	0	364	405	67	122	67	122
1216	24003448840	100356	48013	0	0	0	0	364	405	67	122	67	122
1217	24062692400	100439	48043	0	0	0	0	364	406	67	122	67	122
1218	24122033360	100522	48073	0	0	0	0	365	406	67	122	67	122
1219	24181471800	100605	48103	0	0	0	0	365	406	67	122	67	122
1220	24241007800	100688	48133	0	0	0	0	365	407	67	123	67	123
1221	24300641440	100771	48163	0	0	0	0	366	407	67	123	67	123
1222	24360372800	100854	48193	0	0	0	0	366	407	67	123	67	123
1223	24420201960	100937	48223	0	0	0	0	366	408	67	123	67	123
1224	24480129000	101020	48253	0	0	0	0	367	408	68	123	68	123
1225	24540154000	101103	48283	0	0	0	0	367	408	68	123	68	123
1226	24600277040	101186	48313	0	0	0	0	367	409	68	123	68	123
1227	24660498200	101269	48343	0	0	0	0	368	409	68	123	68	123
1228	24720817560	101352	48373	0	0	0	0	368	409	68	123	68	123
1229	24781235200	101435	48403	0	0	0	0	368	410	68	123	68	123
1230	24841751200	101518	48433	0	0	0	0	369	410	68	124	68	124
1231	24902365640	101601	48463	0	0	0	0	369	410	68	124	68	124
1232	24963078600	101684	48493	0	0	0	0	369	411	68	124	68	124
1233	25023890160	101767	48523	0	0	0	0	369	411	68	124	68	124
1234	25084800400	101850	48553	0	0	0	0	369	411	68	124	68	124
1235	25145809400	101933	48583	0	0	0	0	369	412	68	124	68	124
1236	25206917240	102016	48613	0	0	0	0	370	412	68	124	68	124
1237	25268124000	102099	48643	0	0	0	0	370	412	68	124	68	124
1238	25329429760	102182	48673	0	0	0	0	370	413	68	124	68	124
1239	25390834600	102265	48703	0	0	0	0	371	413	68	124	68	124
1240	25452338600	102348	48733	0	0	0	0	371	413	68	125	68	125
1241	25513941840	102431	48763	0	0	0	0	371	414	68	125	68	125
1242	25575644400	102514	48793	0	0	0	0	372	414	69	125	69	125
1243	25637446360	102597	48823	0	0	0	0	372	414	69	125	69	125
1244	25699347800	102680	48853	0	0	0	0	372	415	69	125	69	125
1245	25761348800	102763	48883	0	0	0	0	373	415	69	125	69	125
1246	25823449440	102846	48913	0	0	0	0	373	415	69	125	69	125
1247	25885649800	102929	48943	0	0	0	0	373	416	69	125	69	125
1248	25947949960	103012	48973	0	0	0	0	374	416	69	125	69	125
1249	26010350000	103095	49003	0	0	0	0	374	416	69	125	69	125
1250	26072850000	103178	49033	0	0	0	0	374	417	69	126	69	126
1251	26135450040	103261	49063	0	0	0	0	375	417	69	126	69	126
1252	26198150200	103344	49093	0	0	0	0	375	417	69	126	69	126
1253	26260950560	103427	49123	0	0	0	0	375	418	69	126	69	126
1254	26323851200	103510	49153	0	0	0	0	376	418	69	126	69	126
1255	26386852200	103593	49183	0	0	0	0	376	418	69	126	69	126
1256	26449953640	103676	49213	0	0	0	0	376	419	69	126	69	126
1257	26513155600	103759	49243	0	0	0	0	377	419	69	126	69	126
1258	26576458160	103842	49273	0	0	0	0	377	419	69	126	69	126
1259	26639861400	103925	49303	0	0	0	0	377	420	69	126	69	126
1260	26703365400	104008	49333	0	0	0	0	378	420	70	127	70	127
1261	26766970240	104091	49363	0	0	0	0	378	420	70	127	70	127
1262	26830676000	104174	49393	0	0	0	0	378	421	70	127	70	127
1263	26894482760	104257	49423	0	0	0	0	378	421	70	127	70	127
1264	26958390600	104340	49453	0	0	0	0	378	421	70	127	70	127
1265	27022399600	104423	49483	0	0	0	0	378	422	70	127	70	127
1266	27086509840	104506	49513	0	0	0	0	379	422	70	127	70	127
1267	27150721400	104589	49543	0	0	0	0	379	422	70	127	70	127
1268	27215034360	104672	49573	0	0	0	0	379	423	70	127	70	127
1269	27279448800	104755	49603	0	0	0	0	380	423	70	127	70	127
1270	27343964800	104838	49633	0	0	0	0	380	423	70	128	70	128
1271	27408582440	104921	49663	0	0	0	0	380	424	70	128	70	128
1272	27473301800	105004	49693	0	0	0	0	381	424	70	128	70	128
1273	27538122960	105087	49723	0	0	0	0	381	424	70	128	70	128
1274	27603046000	105170	49753	0	0	0	0	381	425	70	128	70	128
1275	27668071000	105253	49783	0	0	0	0	382	425	70	128	70	128
1276	27733198040	105336	49813	0	0	0	0	382	425	70	128	70	128
1277	27798427200	105419	49843	0	0	0	0	382	426	70	128	70	128
1278	27863758560	105502	49873	0	0	0	0	383	426	71	128	71	128
1279	27929192200	105585	49903	0	0	0	0	383	426	71	128	71	128
1280	27994728200	105668	49933	0	0	0	0	383	427	71	129	71	129
1281	28060366640	105751	49963	0	0	0	0	384	427	71	129	71	129
1282	28126107600	105834	49993	0	0	0	0	384	427	71	129	71	129
1283	28191951160	105917	50023	0	0	0	0	384	428	71	129	71	129
1284	28257897400	106000	50053	0	0	0	0	385	428	71	129	71	129
1285	28323946400	106083	50083	0	0	0	0	385	428	71	129	71	129
1286	28390098240	106166	50113	0	0	0	0	385	429	71	129	71	129
1287	28456353000	106249	50143	0	0	0	0	386	429	71	129	71	129
1288	28522710760	106332	50173	0	0	0	0	386	429	71	129	71	129
1289	28589171600	106415	50203	0	0	0	0	386	430	71	129	71	129
1290	28655735600	106498	50233	0	0	0	0	387	430	71	130	71	130
1291	28722402840	106581	50263	0	0	0	0	387	430	71	130	71	130
1292	28789173400	106664	50293	0	0	0	0	387	431	71	130	71	130
1293	28856047360	106747	50323	0	0	0	0	387	431	71	130	71	130
1294	28923024800	106830	50353	0	0	0	0	387	431	71	130	71	130
1295	28990105800	106913	50383	0	0	0	0	387	432	71	130	71	130
1296	29057290440	106996	50413	0	0	0	0	388	432	72	130	72	130
1297	29124578800	107079	50443	0	0	0	0	388	432	72	130	72	130
1298	29191970960	107162	50473	0	0	0	0	388	433	72	130	72	130
1299	29259467000	107245	50503	0	0	0	0	389	433	72	130	72	130
1300	29327067000	107328	50533	0	0	0	0	389	433	72	131	72	131
1301	29394771040	107411	50563	0	0	0	0	389	434	72	131	72	131
1302	29462579200	107494	50593	0	0	0	0	390	434	72	131	72	131
1303	29530491560	107577	50623	0	0	0	0	390	434	72	131	72	131
1304	29598508200	107660	50653	0	0	0	0	390	435	72	131	72	131
1305	29666629200	107743	50683	0	0	0	0	391	435	72	131	72	131
1306	29734854640	107826	50713	0	0	0	0	391	435	72	131	72	131
1307	29803184600	107909	50743	0	0	0	0	391	436	72	131	72	131
1308	29871619160	107992	50773	0	0	0	0	392	436	72	131	72	131
1309	29940158400	108075	50803	0	0	0	0	392	436	72	131	72	131
1310	30008802400	108158	50833	0	0	0	0	392	437	72	132	72	132
1311	30077551240	108241	50863	0	0	0	0	393	437	72	132	72	132
1312	30146405000	108324	50893	0	0	0	0	393	437	72	132	72	132
1313	30215363760	108407	50923	0	0	0	0	393	438	72	132	72	132
1314	30284427600	108490	50953	0	0	0	0	394	438	73	132	73	132
1315	30353596600	108573	50983	0	0	0	0	394	438	73	132	73	132
1316	30422870840	108656	51013	0	0	0	0	394	439	73	132	73	132
1317	30492250400	108739	51043	0	0	0	0	395	439	73	132	73	132
1318	30561735360	108822	51073	0	0	0	0	395	439	73	132	73	132
1319	30631325800	108905	51103	0	0	0	0	395	440	73	132	73	132
1320	30701021800	108988	51133	0	0	0	0	396	440	73	133	73	133
1321	30770823440	109071	51163	0	0	0	0	396	440	73	133	73	133
1322	30840730800	109154	51193	0	0	0	0	396	441	73	133	73	133
1323	30910743960	109237	51223	0	0	0	0	396	441	73	133	73	133
1324	30980863000	109320	51253	0	0	0	0	396	441	73	133	73	133
1325	31051088000	109403	51283	0	0	0	0	396	442	73	133	73	133
1326	31121419040	109486	51313	0	0	0	0	397	442	73	133	73	133
1327	31191856200	109569	51343	0	0	0	0	397	442	73	133	73	133
1328	31262399560	109652	51373	0	0	0	0	397	443	73	133	73	133
1329	31333049200	109735	51403	0	0	0	0	398	443	73	133	73	133
1330	31403805200	109818	51433	0	0	0	0	398	443	73	134	73	134
1331	31474667640	109901	51463	0	0	0	0	398	444	73	134	73	134
1332	31545636600	109984	51493	0	0	0	0	399	444	74	134	74	134
1333	31616712160	110067	51523	0	0	0	0	399	444	74	134	74	134
1334	31687894400	110150	51553	0	0	0	0	399	445	74	134	74	134
1335	31759183400	110233	51583	0	0	0	0	400	445	74	134	74	134
1336	31830579240	110316	51613	0	0	0	0	400	445	74	134	74	134
1337	31902082000	110399	51643	0	0	0	0	400	446	74	134	74	134
1338	31973691760	110482	51673	0	0	0	0	401	446	74	134	74	134
1339	32045408600	110565	51703	0	0	0	0	401	446	74	134	74	134
1340	32117232600	110648	51733	0	0	0	0	401	447	74	135	74	135
1341	32189163840	110731	51763	0	0	0	0	402	447	74	135	74	135
1342	32261202400	110814	51793	0	0	0	0	402	447	74	135	74	135
1343	32333348360	110897	51823	0	0	0	0	402	448	74	135	74	135
1344	32405601800	110980	51853	0	0	0	0	403	448	74	135	74	135
1345	32477962800	111063	51883	0	0	0	0	403	448	74	135	74	135
1346	32550431440	111146	51913	0	0	0	0	403	449	74	135	74	135
1347	32623007800	111229	51943	0	0	0	0	404	449	74	135	74	135
1348	32695691960	111312	51973	0	0	0	0	404	449	74	135	74	135
1349	32768484000	111395	52003	0	0	0	0	404	450	74	135	74	135
1350	32841384000	111478	52033	0	0	0	0	405	450	75	136	75	136