Level	exp	hp	mp	dc1	dc2	mc1	mc2	sc1	sc2	ac1	ac2	mac1	mac2
1	30	30	5	0	0	0	0	0	0	0	1	0	1
2	50	36	7	0	1	0	0	0	0	0	1	0	1
3	100	42	9	0	1	0	0	0	0	0	1	0	1
4	150	48	11	1	1	0	0	0	0	0	1	0	1
5	200	54	13	1	2	0	0	0	0	0	1	0	1
6	300	60	15	1	2	0	0	0	0	0	2	0	1
7	500	66	17	1	2	0	0	0	0	0	2	0	2
8	1140	72	19	2	3	0	0	0	0	0	2	0	2
9	1950	78	21	2	3	0	0	0	0	0	2	0	2
10	2950	84	23	2	3	0	0	0	0	0	2	0	2
11	4160	92	26	2	4	0	0	0	0	0	2	0	2
12	5600	100	29	3	4	0	0	0	0	0	3	0	2
13	7290	108	32	3	4	0	0	0	0	1	3	0	2
14	9250	116	35	3	5	0	0	0	0	1	3	0	3
15	11500	124	38	3	5	0	0	0	0	1	3	0	3
16	14060	132	41	4	5	0	0	0	0	1	3	1	3
17	16950	140	44	4	6	0	0	0	0	1	3	1	3
18	20190	148	47	4	6	0	0	0	0	1	4	1	3
19	23800	156	50	4	6	0	0	0	0	1	4	1	3
20	39800	164	53	5	7	0	0	0	0	1	4	1	3
21	57440	176	57	5	7	0	0	0	0	1	4	1	4
22	76800	188	61	5	7	0	0	0	0	1	4	1	4
23	97960	200	65	5	8	0	0	0	0	1	4	1	4
24	121000	212	69	6	8	0	0	0	0	1	5	1	4
25	146000	224	73	6	8	0	0	0	0	1	5	1	4
26	173040	236	77	6	9	0	0	0	0	2	5	1	4
27	202200	248	81	6	9	0	0	0	0	2	5	1	4
28	233560	260	85	7	9	0	0	0	0	2	5	1	5
29	267200	272	89	7	10	0	0	0	0	2	5	1	5
30	303200	284	93	7	10	0	0	0	0	2	6	1	5
31	341640	302	99	7	10	0	0	0	0	2	6	1	5
32	382600	320	105	8	11	0	0	0	0	2	6	2	5
33	426160	338	111	8	11	0	0	0	0	2	6	2	5
34	472400	356	117	8	11	0	0	0	0	2	6	2	5
35	521400	374	123	8	12	0	0	0	0	2	6	2	6
36	573240	392	129	9	12	0	0	0	0	2	7	2	6
37	628000	410	135	9	12	0	0	0	0	2	7	2	6
38	685760	428	141	9	13	0	0	0	0	2	7	2	6
39	746600	446	147	9	13	0	0	0	0	3	7	2	6
40	810600	464	153	10	13	0	0	0	0	3	7	2	6
41	877840	490	162	10	14	0	0	0	0	3	7	2	6
42	948400	516	171	10	14	0	0	0	0	3	8	2	7
43	1022360	542	180	10	14	0	0	0	0	3	8	2	7
44	1099800	568	189	11	15	0	0	0	0	3	8	2	7
45	1180800	594	198	11	15	0	0	0	0	3	8	2	7
46	1265440	620	207	11	15	0	0	0	0	3	8	2	7
47	1353800	646	216	11	16	0	0	0	0	3	8	2	7
48	1445960	672	225	12	16	0	0	0	0	3	9	3	7
49	1542000	698	234	12	16	0	0	0	0	3	9	3	8
50	1642000	724	243	12	17	0	0	0	0	3	9	3	8
51	1746040	760	256	12	17	0	0	0	0	3	9	3	8
52	1854200	796	269	13	17	0	0	0	0	4	9	3	8
53	1966560	832	282	13	18	0	0	0	0	4	9	3	8
54	2083200	868	295	13	18	0	0	0	0	4	10	3	8
55	2204200	904	308	13	18	0	0	0	0	4	10	3	8
56	2329640	940	321	14	19	0	0	0	0	4	10	3	9
57	2459600	976	334	14	19	0	0	0	0	4	10	3	9
58	2594160	1012	347	14	19	0	0	0	0	4	10	3	9
59	2733400	1048	360	14	20	0	0	0	0	4	10	3	9
60	2877400	1084	373	15	20	0	0	0	0	4	11	3	9
61	3026240	1132	391	15	20	0	0	0	0	4	11	3	9
62	3180000	1180	409	15	21	0	0	0	0	4	11	3	9
63	3338760	1228	427	15	21	0	0	0	0	4	11	3	10
64	3502600	1276	445	16	21	0	0	0	0	4	11	4	10
65	3671600	1324	463	16	22	0	0	0	0	5	11	4	10
66	3845840	1372	481	16	22	0	0	0	0	5	12	4	10
67	4025400	1420	499	16	22	0	0	0	0	5	12	4	10
68	4210360	1468	517	17	23	0	0	0	0	5	12	4	10
69	4400800	1516	535	17	23	0	0	0	0	5	12	4	10
70	4596800	1564	553	17	23	0	0	0	0	5	12	4	11
71	4798440	1626	577	17	24	0	0	0	0	5	12	4	11
72	5005800	1688	601	18	24	0	0	0	0	5	13	4	11
73	5218960	1750	625	18	24	0	0	0	0	5	13	4	11
74	5438000	1812	649	18	25	0	0	0	0	5	13	4	11
75	5663000	1874	673	18	25	0	0	0	0	5	13	4	11
76	5894040	1936	697	19	25	0	0	0	0	5	13	4	11
77	6131200	1998	721	19	26	0	0	0	0	5	13	4	12
78	6374560	2060	745	19	26	0	0	0	0	6	14	4	12
79	6624200	2122	769	19	26	0	0	0	0	6	14	4	12
80	6880200	2184	793	20	27	0	0	0	0	6	14	5	12
81	7142640	2262	824	20	27	0	0	0	0	6	14	5	12
82	7411600	2340	855	20	27	0	0	0	0	6	14	5	12
83	7687160	2418	886	20	28	0	0	0	0	6	14	5	12
84	7969400	2496	917	21	28	0	0	0	0	6	15	5	13
85	8258400	2574	948	21	28	0	0	0	0	6	15	5	13
86	8554240	2652	979	21	29	0	0	0	0	6	15	5	13
87	8857000	2730	1010	21	29	0	0	0	0	6	15	5	13
88	9166760	2808	1041	22	29	0	0	0	0	6	15	5	13
89	9483600	2886	1072	22	30	0	0	0	0	6	15	5	13
90	9807600	2964	1103	22	30	0	0	0	0	6	16	5	13
91	10138840	3060	1142	22	30	0	0	0	0	7	16	5	14
92	10477400	3156	1181	23	31	0	0	0	0	7	16	5	14
93	10823360	3252	1220	23	31	0	0	0	0	7	16	5	14
94	11176800	3348	1259	23	31	0	0	0	0	7	16	5	14
95	11537800	3444	1298	23	32	0	0	0	0	7	16	5	14
96	11906440	3540	1337	24	32	0	0	0	0	7	17	6	14
97	12282800	3636	1376	24	32	0	0	0	0	7	17	6	14
98	12666960	3732	1415	24	33	0	0	0	0	7	17	6	15
99	13059000	3828	1454	24	33	0	0	0	0	7	17	6	15
100	13459000	3924	1493	25	33	0	0	0	0	7	17	6	15
101	13867040	4039	1532	25	34	0	0	0	0	7	17	6	15
102	14283200	4154	1571	25	34	0	0	0	0	7	18	6	15
103	14707560	4269	1610	25	34	0	0	0	0	7	18	6	15
104	15140200	4384	1649	26	35	0	0	0	0	8	18	6	15
105	15581200	4499	1688	26	35	0	0	0	0	8	18	6	16
106	16030640	4614	1727	26	35	0	0	0	0	8	18	6	16
107	16488600	4729	1766	26	36	0	0	0	0	8	18	6	16
108	16955160	4844	1805	27	36	0	0	0	0	8	19	6	16
109	17430400	4959	1844	27	36	0	0	0	0	8	19	6	16
110	17914400	5074	1883	27	37	0	0	0	0	8	19	6	16
111	18407240	5209	1922	27	37	0	0	0	0	8	19	6	16
112	18909000	5344	1961	28	37	0	0	0	0	8	19	7	17
113	19419760	5479	2000	28	38	0	0	0	0	8	19	7	17
114	19939600	5614	2039	28	38	0	0	0	0	8	20	7	17
115	20468600	5749	2078	28	38	0	0	0	0	8	20	7	17
116	21006840	5884	2117	29	39	0	0	0	0	8	20	7	17
117	21554400	6019	2156	29	39	0	0	0	0	9	20	7	17
118	22111360	6154	2195	29	39	0	0	0	0	9	20	7	17
119	22677800	6289	2234	29	40	0	0	0	0	9	20	7	18
120	23253800	6424	2273	30	40	0	0	0	0	9	21	7	18
121	23839440	6580	2312	30	40	0	0	0	0	9	21	7	18
122	24434800	6736	2351	30	41	0	0	0	0	9	21	7	18
123	25039960	6892	2390	30	41	0	0	0	0	9	21	7	18
124	25655000	7048	2429	31	41	0	0	0	0	9	21	7	18
125	26280000	7204	2468	31	42	0	0	0	0	9	21	7	18
126	26915040	7360	2507	31	42	0	0	0	0	9	22	7	19
127	27560200	7516	2546	31	42	0	0	0	0	9	22	7	19
128	28215560	7672	2585	32	43	0	0	0	0	9	22	8	19
129	28881200	7828	2624	32	43	0	0	0	0	9	22	8	19
130	29557200	7984	2663	32	43	0	0	0	0	10	22	8	19
131	30243640	8162	2702	32	44	0	0	0	0	10	22	8	19
132	30940600	8340	2741	33	44	0	0	0	0	10	23	8	19
133	31648160	8518	2780	33	44	0	0	0	0	10	23	8	20
134	32366400	8696	2819	33	45	0	0	0	0	10	23	8	20
135	33095400	8874	2858	33	45	0	0	0	0	10	23	8	20
136	33835240	9052	2897	34	45	0	0	0	0	10	23	8	20
137	34586000	9230	2936	34	46	0	0	0	0	10	23	8	20
138	35347760	9408	2975	34	46	0	0	0	0	10	24	8	20
139	36120600	9586	3014	34	46	0	0	0	0	10	24	8	20
140	36904600	9764	3053	35	47	0	0	0	0	10	24	8	21
141	37699840	9965	3092	35	47	0	0	0	0	10	24	8	21
142	38506400	10166	3131	35	47	0	0	0	0	10	24	8	21
143	39324360	10367	3170	35	48	0	0	0	0	11	24	8	21
144	40153800	10568	3209	36	48	0	0	0	0	11	25	9	21
145	40994800	10769	3248	36	48	0	0	0	0	11	25	9	21
146	41847440	10970	3287	36	49	0	0	0	0	11	25	9	21
147	42711800	11171	3326	36	49	0	0	0	0	11	25	9	22
148	43587960	11372	3365	37	49	0	0	0	0	11	25	9	22
149	44476000	11573	3404	37	50	0	0	0	0	11	25	9	22
150	45376000	11774	3443	37	50	0	0	0	0	11	26	9	22
151	46288040	11999	3482	37	50	0	0	0	0	11	26	9	22
152	47212200	12224	3521	38	51	0	0	0	0	11	26	9	22
153	48148560	12449	3560	38	51	0	0	0	0	11	26	9	22
154	49097200	12674	3599	38	51	0	0	0	0	11	26	9	23
155	50058200	12899	3638	38	52	0	0	0	0	11	26	9	23
156	51031640	13124	3677	39	52	0	0	0	0	12	27	9	23
157	52017600	13349	3716	39	52	0	0	0	0	12	27	9	23
158	53016160	13574	3755	39	53	0	0	0	0	12	27	9	23
159	54027400	13799	3794	39	53	0	0	0	0	12	27	9	23
160	55051400	14024	3833	40	53	0	0	0	0	12	27	10	23
161	56088240	14274	3872	40	54	0	0	0	0	12	27	10	24
162	57138000	14524	3911	40	54	0	0	0	0	12	28	10	24
163	58200760	14774	3950	40	54	0	0	0	0	12	28	10	24
164	59276600	15024	3989	41	55	0	0	0	0	12	28	10	24
165	60365600	15274	4028	41	55	0	0	0	0	12	28	10	24
166	61467840	15524	4067	41	55	0	0	0	0	12	28	10	24
167	62583400	15774	4106	41	56	0	0	0	0	12	28	10	24
168	63712360	16024	4145	42	56	0	0	0	0	12	29	10	25
169	64854800	16274	4184	42	56	0	0	0	0	13	29	10	25
170	66010800	16524	4223	42	57	0	0	0	0	13	29	10	25
171	67180440	16800	4262	42	57	0	0	0	0	13	29	10	25
172	68363800	17076	4301	43	57	0	0	0	0	13	29	10	25
173	69560960	17352	4340	43	58	0	0	0	0	13	29	10	25
174	70772000	17628	4379	43	58	0	0	0	0	13	30	10	25
175	71997000	17904	4418	43	58	0	0	0	0	13	30	10	26
176	73236040	18180	4457	44	59	0	0	0	0	13	30	11	26
177	74489200	18456	4496	44	59	0	0	0	0	13	30	11	26
178	75756560	18732	4535	44	59	0	0	0	0	13	30	11	26
179	77038200	19008	4574	44	60	0	0	0	0	13	30	11	26
180	78334200	19284	4613	45	60	0	0	0	0	13	31	11	26
181	79644640	19587	4652	45	60	0	0	0	0	13	31	11	26
182	80969600	19890	4691	45	61	0	0	0	0	14	31	11	27
183	82309160	20193	4730	45	61	0	0	0	0	14	31	11	27
184	83663400	20496	4769	46	61	0	0	0	0	14	31	11	27
185	85032400	20799	4808	46	62	0	0	0	0	14	31	11	27
186	86416240	21102	4847	46	62	0	0	0	0	14	32	11	27
187	87815000	21405	4886	46	62	0	0	0	0	14	32	11	27
188	89228760	21708	4925	47	63	0	0	0	0	14	32	11	27
189	90657600	22011	4964	47	63	0	0	0	0	14	32	11	28
190	92101600	22314	5003	47	63	0	0	0	0	14	32	11	28
191	93560840	22645	5042	47	64	0	0	0	0	14	32	11	28
192	95035400	22976	5081	48	64	0	0	0	0	14	33	12	28
193	96525360	23307	5120	48	64	0	0	0	0	14	33	12	28
194	98030800	23638	5159	48	65	0	0	0	0	14	33	12	28
195	99551800	23969	5198	48	65	0	0	0	0	15	33	12	28
196	101088440	24300	5237	49	65	0	0	0	0	15	33	12	29
197	102640800	24631	5276	49	66	0	0	0	0	15	33	12	29
198	104208960	24962	5315	49	66	0	0	0	0	15	34	12	29
199	105793000	25293	5354	49	66	0	0	0	0	15	34	12	29
200	107393000	25624	5393	50	67	0	0	0	0	15	34	12	29
201	109009040	25984	5432	50	67	0	0	0	0	15	34	12	29
202	110641200	26344	5471	50	67	0	0	0	0	15	34	12	29
203	112289560	26704	5510	50	68	0	0	0	0	15	34	12	30
204	113954200	27064	5549	51	68	0	0	0	0	15	35	12	30
205	115635200	27424	5588	51	68	0	0	0	0	15	35	12	30
206	117332640	27784	5627	51	69	0	0	0	0	15	35	12	30
207	119046600	28144	5666	51	69	0	0	0	0	15	35	12	30
208	120777160	28504	5705	52	69	0	0	0	0	16	35	13	30
209	122524400	28864	5744	52	70	0	0	0	0	16	35	13	30
210	124288400	29224	5783	52	70	0	0	0	0	16	36	13	31
211	126069240	29404	5822	52	70	0	0	0	0	16	36	13	31
212	127867000	29584	5861	53	71	0	0	0	0	16	36	13	31
213	129681760	29764	5900	53	71	0	0	0	0	16	36	13	31
214	131513600	29944	5939	53	71	0	0	0	0	16	36	13	31
215	133362600	30124	5978	53	72	0	0	0	0	16	36	13	31
216	135228840	30304	6017	54	72	0	0	0	0	16	37	13	31
217	137112400	30484	6056	54	72	0	0	0	0	16	37	13	32
218	139013360	30664	6095	54	73	0	0	0	0	16	37	13	32
219	140931800	30844	6134	54	73	0	0	0	0	16	37	13	32
220	142867800	31024	6173	55	73	0	0	0	0	16	37	13	32
221	144821440	31204	6212	55	74	0	0	0	0	17	37	13	32
222	146792800	31384	6251	55	74	0	0	0	0	17	38	13	32
223	148781960	31564	6290	55	74	0	0	0	0	17	38	13	32
224	150789000	31744	6329	56	75	0	0	0	0	17	38	14	33
225	152814000	31924	6368	56	75	0	0	0	0	17	38	14	33
226	154857040	32104	6407	56	75	0	0	0	0	17	38	14	33
227	156918200	32284	6446	56	76	0	0	0	0	17	38	14	33
228	158997560	32464	6485	57	76	0	0	0	0	17	39	14	33
229	161095200	32644	6524	57	76	0	0	0	0	17	39	14	33
230	163211200	32824	6563	57	77	0	0	0	0	17	39	14	33
231	165345640	33004	6602	57	77	0	0	0	0	17	39	14	34
232	167498600	33184	6641	58	77	0	0	0	0	17	39	14	34
233	169670160	33364	6680	58	78	0	0	0	0	17	39	14	34
234	171860400	33544	6719	58	78	0	0	0	0	18	40	14	34
235	174069400	33724	6758	58	78	0	0	0	0	18	40	14	34
236	176297240	33904	6797	59	79	0	0	0	0	18	40	14	34
237	178544000	34084	6836	59	79	0	0	0	0	18	40	14	34
238	180809760	34264	6875	59	79	0	0	0	0	18	40	14	35
239	183094600	34444	6914	59	80	0	0	0	0	18	40	14	35
240	185398600	34624	6953	60	80	0	0	0	0	18	41	15	35
241	187721840	34804	6992	60	80	0	0	0	0	18	41	15	35
242	190064400	34984	7031	60	81	0	0	0	0	18	41	15	35
243	192426360	35164	7070	60	81	0	0	0	0	18	41	15	35
244	194807800	35344	7109	61	81	0	0	0	0	18	41	15	35
245	197208800	35524	7148	61	82	0	0	0	0	18	41	15	36
246	199629440	35704	7187	61	82	0	0	0	0	18	42	15	36
247	202069800	35884	7226	61	82	0	0	0	0	19	42	15	36
248	204529960	36064	7265	62	83	0	0	0	0	19	42	15	36
249	207010000	36244	7304	62	83	0	0	0	0	19	42	15	36
250	209510000	36424	7343	62	83	0	0	0	0	19	42	15	36
251	212030040	36604	7382	62	84	0	0	0	0	19	42	15	36
252	214570200	36784	7421	63	84	0	0	0	0	19	43	15	37
253	217130560	36964	7460	63	84	0	0	0	0	19	43	15	37
254	219711200	37144	7499	63	85	0	0	0	0	19	43	15	37
255	222312200	37324	7538	63	85	0	0	0	0	19	43	15	37
256	224933640	37504	7577	64	85	0	0	0	0	19	43	16	37
257	227575600	37684	7616	64	86	0	0	0	0	19	43	16	37
258	230238160	37864	7655	64	86	0	0	0	0	19	44	16	37
259	232921400	38044	7694	64	86	0	0	0	0	19	44	16	38
260	235625400	38224	7733	65	87	0	0	0	0	20	44	16	38
261	238350240	38404	7772	65	87	0	0	0	0	20	44	16	38
262	241096000	38584	7811	65	87	0	0	0	0	20	44	16	38
263	243862760	38764	7850	65	88	0	0	0	0	20	44	16	38
264	246650600	38944	7889	66	88	0	0	0	0	20	45	16	38
265	249459600	39124	7928	66	88	0	0	0	0	20	45	16	38
266	252289840	39304	7967	66	89	0	0	0	0	20	45	16	39
267	255141400	39484	8006	66	89	0	0	0	0	20	45	16	39
268	258014360	39664	8045	67	89	0	0	0	0	20	45	16	39
269	260908800	39844	8084	67	90	0	0	0	0	20	45	16	39
270	263824800	40024	8123	67	90	0	0	0	0	20	46	16	39
271	266762440	40204	8162	67	90	0	0	0	0	20	46	16	39
272	269721800	40384	8201	68	91	0	0	0	0	20	46	17	39
273	272702960	40564	8240	68	91	0	0	0	0	21	46	17	40
274	275706000	40744	8279	68	91	0	0	0	0	21	46	17	40
275	278731000	40924	8318	68	92	0	0	0	0	21	46	17	40
276	281778040	41104	8357	69	92	0	0	0	0	21	47	17	40
277	284847200	41284	8396	69	92	0	0	0	0	21	47	17	40
278	287938560	41464	8435	69	93	0	0	0	0	21	47	17	40
279	291052200	41644	8474	69	93	0	0	0	0	21	47	17	40
280	294188200	41824	8513	70	93	0	0	0	0	21	47	17	41
281	297346640	42004	8552	70	94	0	0	0	0	21	47	17	41
282	300527600	42184	8591	70	94	0	0	0	0	21	48	17	41
283	303731160	42364	8630	70	94	0	0	0	0	21	48	17	41
284	306957400	42544	8669	71	95	0	0	0	0	21	48	17	41
285	310206400	42724	8708	71	95	0	0	0	0	21	48	17	41
286	313478240	42904	8747	71	95	0	0	0	0	22	48	17	41
287	316773000	43084	8786	71	96	0	0	0	0	22	48	17	42
288	320090760	43264	8825	72	96	0	0	0	0	22	49	18	42
289	323431600	43444	8864	72	96	0	0	0	0	22	49	18	42
290	326795600	43624	8903	72	97	0	0	0	0	22	49	18	42
291	330182840	43804	8942	72	97	0	0	0	0	22	49	18	42
292	333593400	43984	8981	73	97	0	0	0	0	22	49	18	42
293	337027360	44164	9020	73	98	0	0	0	0	22	49	18	42
294	340484800	44344	9059	73	98	0	0	0	0	22	50	18	43
295	343965800	44524	9098	73	98	0	0	0	0	22	50	18	43
296	347470440	44704	9137	74	99	0	0	0	0	22	50	18	43
297	350998800	44884	9176	74	99	0	0	0	0	22	50	18	43
298	354550960	45064	9215	74	99	0	0	0	0	22	50	18	43
299	358127000	45244	9254	74	100	0	0	0	0	23	50	18	43
300	361727000	45424	9293	75	100	0	0	0	0	23	51	18	43
301	365351040	45604	9332	75	100	0	0	0	0	23	51	18	44
302	368999200	45784	9371	75	101	0	0	0	0	23	51	18	44
303	372671560	45964	9410	75	101	0	0	0	0	23	51	18	44
304	376368200	46144	9449	76	101	0	0	0	0	23	51	19	44
305	380089200	46324	9488	76	102	0	0	0	0	23	51	19	44
306	383834640	46504	9527	76	102	0	0	0	0	23	52	19	44
307	387604600	46684	9566	76	102	0	0	0	0	23	52	19	44
308	391399160	46864	9605	77	103	0	0	0	0	23	52	19	45
309	395218400	47044	9644	77	103	0	0	0	0	23	52	19	45
310	399062400	47224	9683	77	103	0	0	0	0	23	52	19	45
311	402931240	47404	9722	77	104	0	0	0	0	23	52	19	45
312	406825000	47584	9761	78	104	0	0	0	0	24	53	19	45
313	410743760	47764	9800	78	104	0	0	0	0	24	53	19	45
314	414687600	47944	9839	78	105	0	0	0	0	24	53	19	45
315	418656600	48124	9878	78	105	0	0	0	0	24	53	19	46
316	422650840	48304	9917	79	105	0	0	0	0	24	53	19	46
317	426670400	48484	9956	79	106	0	0	0	0	24	53	19	46
318	430715360	48664	9995	79	106	0	0	0	0	24	54	19	46
319	434785800	48844	10034	79	106	0	0	0	0	24	54	19	46
320	438881800	49024	10073	80	107	0	0	0	0	24	54	20	46
321	443003440	49204	10112	80	107	0	0	0	0	24	54	20	46
322	447150800	49384	10151	80	107	0	0	0	0	24	54	20	47
323	451323960	49564	10190	80	108	0	0	0	0	24	54	20	47
324	455523000	49744	10229	81	108	0	0	0	0	24	55	20	47
325	459748000	49924	10268	81	108	0	0	0	0	25	55	20	47
326	463999040	50104	10307	81	109	0	0	0	0	25	55	20	47
327	468276200	50284	10346	81	109	0	0	0	0	25	55	20	47
328	472579560	50464	10385	82	109	0	0	0	0	25	55	20	47
329	476909200	50644	10424	82	110	0	0	0	0	25	55	20	48
330	481265200	50824	10463	82	110	0	0	0	0	25	56	20	48
331	485647640	51004	10502	82	110	0	0	0	0	25	56	20	48
332	490056600	51184	10541	83	111	0	0	0	0	25	56	20	48
333	494492160	51364	10580	83	111	0	0	0	0	25	56	20	48
334	498954400	51544	10619	83	111	0	0	0	0	25	56	20	48
335	503443400	51724	10658	83	112	0	0	0	0	25	56	20	48
336	507959240	51904	10697	84	112	0	0	0	0	25	57	21	49
337	512502000	52084	10736	84	112	0	0	0	0	25	57	21	49
338	517071760	52264	10775	84	113	0	0	0	0	26	57	21	49
339	521668600	52444	10814	84	113	0	0	0	0	26	57	21	49
340	526292600	52624	10853	85	113	0	0	0	0	26	57	21	49
341	530943840	52804	10892	85	114	0	0	0	0	26	57	21	49
342	535622400	52984	10931	85	114	0	0	0	0	26	58	21	49
343	540328360	53164	10970	85	114	0	0	0	0	26	58	21	50
344	545061800	53344	11009	86	115	0	0	0	0	26	58	21	50
345	549822800	53524	11048	86	115	0	0	0	0	26	58	21	50
346	554611440	53704	11087	86	115	0	0	0	0	26	58	21	50
347	559427800	53884	11126	86	116	0	0	0	0	26	58	21	50
348	564271960	54064	11165	87	116	0	0	0	0	26	59	21	50
349	569144000	54244	11204	87	116	0	0	0	0	26	59	21	50
350	574044000	54424	11243	87	117	0	0	0	0	26	59	21	51
351	578972040	54604	11282	87	117	0	0	0	0	27	59	21	51
352	583928200	54784	11321	88	117	0	0	0	0	27	59	22	51
353	588912560	54964	11360	88	118	0	0	0	0	27	59	22	51
354	593925200	55144	11399	88	118	0	0	0	0	27	60	22	51
355	598966200	55324	11438	88	118	0	0	0	0	27	60	22	51
356	604035640	55504	11477	89	119	0	0	0	0	27	60	22	51
357	609133600	55684	11516	89	119	0	0	0	0	27	60	22	52
358	614260160	55864	11555	89	119	0	0	0	0	27	60	22	52
359	619415400	56044	11594	89	120	0	0	0	0	27	60	22	52
360	624599400	56224	11633	90	120	0	0	0	0	27	61	22	52
361	629812240	56404	11672	90	120	0	0	0	0	27	61	22	52
362	635054000	56584	11711	90	121	0	0	0	0	27	61	22	52
363	640324760	56764	11750	90	121	0	0	0	0	27	61	22	52
364	645624600	56944	11789	91	121	0	0	0	0	28	61	22	53
365	650953600	57124	11828	91	122	0	0	0	0	28	61	22	53
366	656311840	57304	11867	91	122	0	0	0	0	28	62	22	53
367	661699400	57484	11906	91	122	0	0	0	0	28	62	22	53
368	667116360	57664	11945	92	123	0	0	0	0	28	62	23	53
369	672562800	57844	11984	92	123	0	0	0	0	28	62	23	53
370	678038800	58024	12023	92	123	0	0	0	0	28	62	23	53
371	683544440	58204	12062	92	124	0	0	0	0	28	62	23	54
372	689079800	58384	12101	93	124	0	0	0	0	28	63	23	54
373	694644960	58564	12140	93	124	0	0	0	0	28	63	23	54
374	700240000	58744	12179	93	125	0	0	0	0	28	63	23	54
375	705865000	58924	12218	93	125	0	0	0	0	28	63	23	54
376	711520040	59104	12257	94	125	0	0	0	0	28	63	23	54
377	717205200	59284	12296	94	126	0	0	0	0	29	63	23	54
378	722920560	59464	12335	94	126	0	0	0	0	29	64	23	55
379	728666200	59644	12374	94	126	0	0	0	0	29	64	23	55
380	734442200	59824	12413	95	127	0	0	0	0	29	64	23	55
381	740248640	60004	12452	95	127	0	0	0	0	29	64	23	55
382	746085600	60184	12491	95	127	0	0	0	0	29	64	23	55
383	751953160	60364	12530	95	128	0	0	0	0	29	64	23	55
384	757851400	60544	12569	96	128	0	0	0	0	29	65	24	55
385	763780400	60724	12608	96	128	0	0	0	0	29	65	24	56
386	769740240	60904	12647	96	129	0	0	0	0	29	65	24	56
387	775731000	61084	12686	96	129	0	0	0	0	29	65	24	56
388	781752760	61264	12725	97	129	0	0	0	0	29	65	24	56
389	787805600	61444	12764	97	130	0	0	0	0	29	65	24	56
390	793889600	61624	12803	97	130	0	0	0	0	30	66	24	56
391	800004840	61804	12842	97	130	0	0	0	0	30	66	24	56
392	806151400	61984	12881	98	131	0	0	0	0	30	66	24	57
393	812329360	62164	12920	98	131	0	0	0	0	30	66	24	57
394	818538800	62344	12959	98	131	0	0	0	0	30	66	24	57
395	824779800	62524	12998	98	132	0	0	0	0	30	66	24	57
396	831052440	62704	13037	99	132	0	0	0	0	30	67	24	57
397	837356800	62884	13076	99	132	0	0	0	0	30	67	24	57
398	843692960	63064	13115	99	133	0	0	0	0	30	67	24	57
399	850061000	63244	13154	99	133	0	0	0	0	30	67	24	58
400	856461000	63424	13193	100	133	0	0	0	0	30	67	25	58
401	862893040	63604	13232	100	134	0	0	0	0	30	67	25	58
402	869357200	63784	13271	100	134	0	0	0	0	30	68	25	58
403	875853560	63964	13310	100	134	0	0	0	0	31	68	25	58
404	882382200	64144	13349	101	135	0	0	0	0	31	68	25	58
405	888943200	64324	13388	101	135	0	0	0	0	31	68	25	58
406	895536640	64504	13427	101	135	0	0	0	0	31	68	25	59
407	902162600	64684	13466	101	136	0	0	0	0	31	68	25	59
408	908821160	64864	13505	102	136	0	0	0	0	31	69	25	59
409	915512400	65044	13544	102	136	0	0	0	0	31	69	25	59
410	922236400	65224	13583	102	137	0	0	0	0	31	69	25	59
411	928993240	65404	13622	102	137	0	0	0	0	31	69	25	59
412	935783000	65584	13661	103	137	0	0	0	0	31	69	25	59
413	942605760	65764	13700	103	138	0	0	0	0	31	69	25	60
414	949461600	65944	13739	103	138	0	0	0	0	31	70	25	60
415	956350600	66124	13778	103	138	0	0	0	0	31	70	25	60
416	963272840	66304	13817	104	139	0	0	0	0	32	70	26	60
417	970228400	66484	13856	104	139	0	0	0	0	32	70	26	60
418	977217360	66664	13895	104	139	0	0	0	0	32	70	26	60
419	984239800	66844	13934	104	140	0	0	0	0	32	70	26	60
420	991295800	67024	13973	105	140	0	0	0	0	32	71	26	61
421	998385440	67204	14012	105	140	0	0	0	0	32	71	26	61
422	1005508800	67384	14051	105	141	0	0	0	0	32	71	26	61
423	1012665960	67564	14090	105	141	0	0	0	0	32	71	26	61
424	1019857000	67744	14129	106	141	0	0	0	0	32	71	26	61
425	1027082000	67924	14168	106	142	0	0	0	0	32	71	26	61
426	1034341040	68104	14207	106	142	0	0	0	0	32	72	26	61
427	1041634200	68284	14246	106	142	0	0	0	0	32	72	26	62
428	1048961560	68464	14285	107	143	0	0	0	0	32	72	26	62
429	1056323200	68644	14324	107	143	0	0	0	0	33	72	26	62
430	1063719200	68824	14363	107	143	0	0	0	0	33	72	26	62
431	1071149640	69004	14402	107	144	0	0	0	0	33	72	26	62
432	1078614600	69184	14441	108	144	0	0	0	0	33	73	27	62
433	1086114160	69364	14480	108	144	0	0	0	0	33	73	27	62
434	1093648400	69544	14519	108	145	0	0	0	0	33	73	27	63
435	1101217400	69724	14558	108	145	0	0	0	0	33	73	27	63
436	1108821240	69904	14597	109	145	0	0	0	0	33	73	27	63
437	1116460000	70084	14636	109	146	0	0	0	0	33	73	27	63
438	1124133760	70264	14675	109	146	0	0	0	0	33	74	27	63
439	1131842600	70444	14714	109	146	0	0	0	0	33	74	27	63
440	1139586600	70624	14753	110	147	0	0	0	0	33	74	27	63
441	1147365840	70804	14792	110	147	0	0	0	0	33	74	27	64
442	1155180400	70984	14831	110	147	0	0	0	0	34	74	27	64
443	1163030360	71164	14870	110	148	0	0	0	0	34	74	27	64
444	1170915800	71344	14909	111	148	0	0	0	0	34	75	27	64
445	1178836800	71524	14948	111	148	0	0	0	0	34	75	27	64
446	1186793440	71704	14987	111	149	0	0	0	0	34	75	27	64
447	1194785800	71884	15026	111	149	0	0	0	0	34	75	27	64
448	1202813960	72064	15065	112	149	0	0	0	0	34	75	28	65
449	1210878000	72244	15104	112	150	0	0	0	0	34	75	28	65
450	1218978000	72424	15143	112	150	0	0	0	0	34	76	28	65
451	1227114040	72604	15182	112	150	0	0	0	0	34	76	28	65
452	1235286200	72784	15221	113	151	0	0	0	0	34	76	28	65
453	1243494560	72964	15260	113	151	0	0	0	0	34	76	28	65
454	1251739200	73144	15299	113	151	0	0	0	0	34	76	28	65
455	1260020200	73324	15338	113	152	0	0	0	0	35	76	28	66
456	1268337640	73504	15377	114	152	0	0	0	0	35	77	28	66
457	1276691600	73684	15416	114	152	0	0	0	0	35	77	28	66
458	1285082160	73864	15455	114	153	0	0	0	0	35	77	28	66
459	1293509400	74044	15494	114	153	0	0	0	0	35	77	28	66
460	1301973400	74224	15533	115	153	0	0	0	0	35	77	28	66
461	1310474240	74404	15572	115	154	0	0	0	0	35	77	28	66
462	1319012000	74584	15611	115	154	0	0	0	0	35	78	28	67
463	1327586760	74764	15650	115	154	0	0	0	0	35	78	28	67
464	1336198600	74944	15689	116	155	0	0	0	0	35	78	29	67
465	1344847600	75124	15728	116	155	0	0	0	0	35	78	29	67
466	1353533840	75304	15767	116	155	0	0	0	0	35	78	29	67
467	1362257400	75484	15806	116	156	0	0	0	0	35	78	29	67
468	1371018360	75664	15845	117	156	0	0	0	0	36	79	29	67
469	1379816800	75844	15884	117	156	0	0	0	0	36	79	29	68
470	1388652800	76024	15923	117	157	0	0	0	0	36	79	29	68
471	1397526440	76204	15962	117	157	0	0	0	0	36	79	29	68
472	1406437800	76384	16001	118	157	0	0	0	0	36	79	29	68
473	1415386960	76564	16040	118	158	0	0	0	0	36	79	29	68
474	1424374000	76744	16079	118	158	0	0	0	0	36	80	29	68
475	1433399000	76924	16118	118	158	0	0	0	0	36	80	29	68
476	1442462040	77104	16157	119	159	0	0	0	0	36	80	29	69
477	1451563200	77284	16196	119	159	0	0	0	0	36	80	29	69
478	1460702560	77464	16235	119	159	0	0	0	0	36	80	29	69
479	1469880200	77644	16274	119	160	0	0	0	0	36	80	29	69
480	1479096200	77824	16313	120	160	0	0	0	0	36	81	30	69
481	1488350640	78004	16352	120	160	0	0	0	0	37	81	30	69
482	1497643600	78184	16391	120	161	0	0	0	0	37	81	30	69
483	1506975160	78364	16430	120	161	0	0	0	0	37	81	30	70
484	1516345400	78544	16469	121	161	0	0	0	0	37	81	30	70
485	1525754400	78724	16508	121	162	0	0	0	0	37	81	30	70
486	1535202240	78904	16547	121	162	0	0	0	0	37	82	30	70
487	1544689000	79084	16586	121	162	0	0	0	0	37	82	30	70
488	1554214760	79264	16625	122	163	0	0	0	0	37	82	30	70
489	1563779600	79444	16664	122	163	0	0	0	0	37	82	30	70
490	1573383600	79624	16703	122	163	0	0	0	0	37	82	30	71
491	1583026840	79804	16742	122	164	0	0	0	0	37	82	30	71
492	1592709400	79984	16781	123	164	0	0	0	0	37	83	30	71
493	1602431360	80164	16820	123	164	0	0	0	0	37	83	30	71
494	1612192800	80344	16859	123	165	0	0	0	0	38	83	30	71
495	1621993800	80524	16898	123	165	0	0	0	0	38	83	30	71
496	1631834440	80704	16937	124	165	0	0	0	0	38	83	31	71
497	1641714800	80884	16976	124	166	0	0	0	0	38	83	31	72
498	1651634960	81064	17015	124	166	0	0	0	0	38	84	31	72
499	1661595000	81244	17054	124	166	0	0	0	0	38	84	31	72
500	1671595000	81424	17093	125	167	0	0	0	0	38	84	31	72
501	1681635040	81604	17132	125	167	0	0	0	0	38	84	31	72
502	1691715200	81784	17171	125	167	0	0	0	0	38	84	31	72
503	1701835560	81964	17210	125	168	0	0	0	0	38	84	31	72
504	1711996200	82144	17249	126	168	0	0	0	0	38	85	31	73
505	1722197200	82324	17288	126	168	0	0	0	0	38	85	31	73
506	1732438640	82504	17327	126	169	0	0	0	0	38	85	31	73
507	1742720600	82684	17366	126	169	0	0	0	0	39	85	31	73
508	1753043160	82864	17405	127	169	0	0	0	0	39	85	31	73
509	1763406400	83044	17444	127	170	0	0	0	0	39	85	31	73
510	1773810400	83224	17483	127	170	0	0	0	0	39	86	31	73
511	1784255240	83404	17522	127	170	0	0	0	0	39	86	31	74
512	1794741000	83584	17561	128	171	0	0	0	0	39	86	32	74
513	1805267760	83764	17600	128	171	0	0	0	0	39	86	32	74
514	1815835600	83944	17639	128	171	0	0	0	0	39	86	32	74
515	1826444600	84124	17678	128	172	0	0	0	0	39	86	32	74
516	1837094840	84304	17717	129	172	0	0	0	0	39	87	32	74
517	1847786400	84484	17756	129	172	0	0	0	0	39	87	32	74
518	1858519360	84664	17795	129	173	0	0	0	0	39	87	32	75
519	1869293800	84844	17834	129	173	0	0	0	0	39	87	32	75
520	1880109800	85024	17873	130	173	0	0	0	0	40	87	32	75
521	1890967440	85204	17912	130	174	0	0	0	0	40	87	32	75
522	1901866800	85384	17951	130	174	0	0	0	0	40	88	32	75
523	1912807960	85564	17990	130	174	0	0	0	0	40	88	32	75
524	1923791000	85744	18029	131	175	0	0	0	0	40	88	32	75
525	1934816000	85924	18068	131	175	0	0	0	0	40	88	32	76
526	1945883040	86104	18107	131	175	0	0	0	0	40	88	32	76
527	1956992200	86284	18146	131	176	0	0	0	0	40	88	32	76
528	1968143560	86464	18185	132	176	0	0	0	0	40	89	33	76
529	1979337200	86644	18224	132	176	0	0	0	0	40	89	33	76
530	1990573200	86824	18263	132	177	0	0	0	0	40	89	33	76
531	2001851640	87004	18302	132	177	0	0	0	0	40	89	33	76
532	2013172600	87184	18341	133	177	0	0	0	0	40	89	33	77
533	2024536160	87364	18380	133	178	0	0	0	0	41	89	33	77
534	2035942400	87544	18419	133	178	0	0	0	0	41	90	33	77
535	2047391400	87724	18458	133	178	0	0	0	0	41	90	33	77
536	2058883240	87904	18497	134	179	0	0	0	0	41	90	33	77
537	2070418000	88084	18536	134	179	0	0	0	0	41	90	33	77
538	2081995760	88264	18575	134	179	0	0	0	0	41	90	33	77
539	2093616600	88444	18614	134	180	0	0	0	0	41	90	33	78
540	2105280600	88624	18653	135	180	0	0	0	0	41	91	33	78
541	2116987840	88804	18692	135	180	0	0	0	0	41	91	33	78
542	2128738400	88984	18731	135	181	0	0	0	0	41	91	33	78
543	2140532360	89164	18770	135	181	0	0	0	0	41	91	33	78
544	2152369800	89344	18809	136	181	0	0	0	0	41	91	34	78
545	2164250800	89524	18848	136	182	0	0	0	0	41	91	34	78
546	2176175440	89704	18887	136	182	0	0	0	0	42	92	34	79
547	2188143800	89884	18926	136	182	0	0	0	0	42	92	34	79
548	2200155960	90064	18965	137	183	0	0	0	0	42	92	34	79
549	2212212000	90244	19004	137	183	0	0	0	0	42	92	34	79
550	2224312000	90424	19043	137	183	0	0	0	0	42	92	34	79
551	2236456040	90604	19082	137	184	0	0	0	0	42	92	34	79
552	2248644200	90784	19121	138	184	0	0	0	0	42	93	34	79
553	2260876560	90964	19160	138	184	0	0	0	0	42	93	34	80
554	2273153200	91144	19199	138	185	0	0	0	0	42	93	34	80
555	2285474200	91324	19238	138	185	0	0	0	0	42	93	34	80
556	2297839640	91504	19277	139	185	0	0	0	0	42	93	34	80
557	2310249600	91684	19316	139	186	0	0	0	0	42	93	34	80
558	2322704160	91864	19355	139	186	0	0	0	0	42	94	34	80
559	2335203400	92044	19394	139	186	0	0	0	0	43	94	34	80
560	2347747400	92224	19433	140	187	0	0	0	0	43	94	35	81
561	2360336240	92404	19472	140	187	0	0	0	0	43	94	35	81
562	2372970000	92584	19511	140	187	0	0	0	0	43	94	35	81
563	2385648760	92764	19550	140	188	0	0	0	0	43	94	35	81
564	2398372600	92944	19589	141	188	0	0	0	0	43	95	35	81
565	2411141600	93124	19628	141	188	0	0	0	0	43	95	35	81
566	2423955840	93304	19667	141	189	0	0	0	0	43	95	35	81
567	2436815400	93484	19706	141	189	0	0	0	0	43	95	35	82
568	2449720360	93664	19745	142	189	0	0	0	0	43	95	35	82
569	2462670800	93844	19784	142	190	0	0	0	0	43	95	35	82
570	2475666800	94024	19823	142	190	0	0	0	0	43	96	35	82
571	2488708440	94204	19862	142	190	0	0	0	0	43	96	35	82
572	2501795800	94384	19901	143	191	0	0	0	0	44	96	35	82
573	2514928960	94564	19940	143	191	0	0	0	0	44	96	35	82
574	2528108000	94744	19979	143	191	0	0	0	0	44	96	35	83
575	2541333000	94924	20018	143	192	0	0	0	0	44	96	35	83
576	2554604040	95104	20057	144	192	0	0	0	0	44	97	36	83
577	2567921200	95284	20096	144	192	0	0	0	0	44	97	36	83
578	2581284560	95464	20135	144	193	0	0	0	0	44	97	36	83
579	2594694200	95644	20174	144	193	0	0	0	0	44	97	36	83
580	2608150200	95824	20213	145	193	0	0	0	0	44	97	36	83
581	2621652640	96004	20252	145	194	0	0	0	0	44	97	36	84
582	2635201600	96184	20291	145	194	0	0	0	0	44	98	36	84
583	2648797160	96364	20330	145	194	0	0	0	0	44	98	36	84
584	2662439400	96544	20369	146	195	0	0	0	0	44	98	36	84
585	2676128400	96724	20408	146	195	0	0	0	0	45	98	36	84
586	2689864240	96904	20447	146	195	0	0	0	0	45	98	36	84
587	2703647000	97084	20486	146	196	0	0	0	0	45	98	36	84
588	2717476760	97264	20525	147	196	0	0	0	0	45	99	36	85
589	2731353600	97444	20564	147	196	0	0	0	0	45	99	36	85
590	2745277600	97624	20603	147	197	0	0	0	0	45	99	36	85
591	2759248840	97804	20642	147	197	0	0	0	0	45	99	36	85
592	2773267400	97984	20681	148	197	0	0	0	0	45	99	37	85
593	2787333360	98164	20720	148	198	0	0	0	0	45	99	37	85
594	2801446800	98344	20759	148	198	0	0	0	0	45	100	37	85
595	2815607800	98524	20798	148	198	0	0	0	0	45	100	37	86
596	2829816440	98704	20837	149	199	0	0	0	0	45	100	37	86
597	2844072800	98884	20876	149	199	0	0	0	0	45	100	37	86
598	2858376960	99064	20915	149	199	0	0	0	0	46	100	37	86
599	2872729000	99244	20954	149	200	0	0	0	0	46	100	37	86
600	2887129000	99424	20993	150	200	0	0	0	0	46	101	37	86
601	2901577040	99604	21032	150	200	0	0	0	0	46	101	37	86
602	2916073200	99784	21071	150	201	0	0	0	0	46	101	37	87
603	2930617560	99964	21110	150	201	0	0	0	0	46	101	37	87
604	2945210200	100144	21149	151	201	0	0	0	0	46	101	37	87
605	2959851200	100324	21188	151	202	0	0	0	0	46	101	37	87
606	2974540640	100504	21227	151	202	0	0	0	0	46	102	37	87
607	2989278600	100684	21266	151	202	0	0	0	0	46	102	37	87
608	3004065160	100864	21305	152	203	0	0	0	0	46	102	38	87
609	3018900400	101044	21344	152	203	0	0	0	0	46	102	38	88
610	3033784400	101224	21383	152	203	0	0	0	0	46	102	38	88
611	3048717240	101404	21422	152	204	0	0	0	0	47	102	38	88
612	3063699000	101584	21461	153	204	0	0	0	0	47	103	38	88
613	3078729760	101764	21500	153	204	0	0	0	0	47	103	38	88
614	3093809600	101944	21539	153	205	0	0	0	0	47	103	38	88
615	3108938600	102124	21578	153	205	0	0	0	0	47	103	38	88
616	3124116840	102304	21617	154	205	0	0	0	0	47	103	38	89
617	3139344400	102484	21656	154	206	0	0	0	0	47	103	38	89
618	3154621360	102664	21695	154	206	0	0	0	0	47	104	38	89
619	3169947800	102844	21734	154	206	0	0	0	0	47	104	38	89
620	3185323800	103024	21773	155	207	0	0	0	0	47	104	38	89
621	3200749440	103204	21812	155	207	0	0	0	0	47	104	38	89
622	3216224800	103384	21851	155	207	0	0	0	0	47	104	38	89
623	3231749960	103564	21890	155	208	0	0	0	0	47	104	38	90
624	3247325000	103744	21929	156	208	0	0	0	0	48	105	39	90
625	3262950000	103924	21968	156	208	0	0	0	0	48	105	39	90
626	3278625040	104104	22007	156	209	0	0	0	0	48	105	39	90
627	3294350200	104284	22046	156	209	0	0	0	0	48	105	39	90
628	3310125560	104464	22085	157	209	0	0	0	0	48	105	39	90
629	3325951200	104644	22124	157	210	0	0	0	0	48	105	39	90
630	3341827200	104824	22163	157	210	0	0	0	0	48	106	39	91
631	3357753640	105004	22202	157	210	0	0	0	0	48	106	39	91
632	3373730600	105184	22241	158	211	0	0	0	0	48	106	39	91
633	3389758160	105364	22280	158	211	0	0	0	0	48	106	39	91
634	3405836400	105544	22319	158	211	0	0	0	0	48	106	39	91
635	3421965400	105724	22358	158	212	0	0	0	0	48	106	39	91
636	3438145240	105904	22397	159	212	0	0	0	0	48	107	39	91
637	3454376000	106084	22436	159	212	0	0	0	0	49	107	39	92
638	3470657760	106264	22475	159	213	0	0	0	0	49	107	39	92
639	3486990600	106444	22514	159	213	0	0	0	0	49	107	39	92
640	3503374600	106624	22553	160	213	0	0	0	0	49	107	40	92
641	3519809840	106804	22592	160	214	0	0	0	0	49	107	40	92
642	3536296400	106984	22631	160	214	0	0	0	0	49	108	40	92
643	3552834360	107164	22670	160	214	0	0	0	0	49	108	40	92
644	3569423800	107344	22709	161	215	0	0	0	0	49	108	40	93
645	3586064800	107524	22748	161	215	0	0	0	0	49	108	40	93
646	3602757440	107704	22787	161	215	0	0	0	0	49	108	40	93
647	3619501800	107884	22826	161	216	0	0	0	0	49	108	40	93
648	3636297960	108064	22865	162	216	0	0	0	0	49	109	40	93
649	3653146000	108244	22904	162	216	0	0	0	0	49	109	40	93
650	3670046000	108424	22943	162	217	0	0	0	0	50	109	40	93
651	3686998040	108604	22982	162	217	0	0	0	0	50	109	40	94
652	3704002200	108784	23021	163	217	0	0	0	0	50	109	40	94
653	3721058560	108964	23060	163	218	0	0	0	0	50	109	40	94
654	3738167200	109144	23099	163	218	0	0	0	0	50	110	40	94
655	3755328200	109324	23138	163	218	0	0	0	0	50	110	40	94
656	3772541640	109504	23177	164	219	0	0	0	0	50	110	41	94
657	3789807600	109684	23216	164	219	0	0	0	0	50	110	41	94
658	3807126160	109864	23255	164	219	0	0	0	0	50	110	41	95
659	3824497400	110044	23294	164	220	0	0	0	0	50	110	41	95
660	3841921400	110224	23333	165	220	0	0	0	0	50	111	41	95
661	3859398240	110404	23372	165	220	0	0	0	0	50	111	41	95
662	3876928000	110584	23411	165	221	0	0	0	0	50	111	41	95
663	3894510760	110764	23450	165	221	0	0	0	0	51	111	41	95
664	3912146600	110944	23489	166	221	0	0	0	0	51	111	41	95
665	3929835600	111124	23528	166	222	0	0	0	0	51	111	41	96
666	3947577840	111304	23567	166	222	0	0	0	0	51	112	41	96
667	3965373400	111484	23606	166	222	0	0	0	0	51	112	41	96
668	3983222360	111664	23645	167	223	0	0	0	0	51	112	41	96
669	4001124800	111844	23684	167	223	0	0	0	0	51	112	41	96
670	4019080800	112024	23723	167	223	0	0	0	0	51	112	41	96
671	4037090440	112204	23762	167	224	0	0	0	0	51	112	41	96
672	4055153800	112384	23801	168	224	0	0	0	0	51	113	42	97
673	4073270960	112564	23840	168	224	0	0	0	0	51	113	42	97
674	4091442000	112744	23879	168	225	0	0	0	0	51	113	42	97
675	4109667000	112924	23918	168	225	0	0	0	0	51	113	42	97
676	4127946040	113104	23957	169	225	0	0	0	0	52	113	42	97
677	4146279200	113284	23996	169	226	0	0	0	0	52	113	42	97
678	4164666560	113464	24035	169	226	0	0	0	0	52	114	42	97
679	4183108200	113644	24074	169	226	0	0	0	0	52	114	42	98
680	4201604200	113824	24113	170	227	0	0	0	0	52	114	42	98
681	4220154640	114004	24152	170	227	0	0	0	0	52	114	42	98
682	4238759600	114184	24191	170	227	0	0	0	0	52	114	42	98
683	4257419160	114364	24230	170	228	0	0	0	0	52	114	42	98
684	4276133400	114544	24269	171	228	0	0	0	0	52	115	42	98
685	4294902400	114724	24308	171	228	0	0	0	0	52	115	42	98
686	4313726240	114904	24347	171	229	0	0	0	0	52	115	42	99
687	4332605000	115084	24386	171	229	0	0	0	0	52	115	42	99
688	4351538760	115264	24425	172	229	0	0	0	0	52	115	43	99
689	4370527600	115444	24464	172	230	0	0	0	0	53	115	43	99
690	4389571600	115624	24503	172	230	0	0	0	0	53	116	43	99
691	4408670840	115804	24542	172	230	0	0	0	0	53	116	43	99
692	4427825400	115984	24581	173	231	0	0	0	0	53	116	43	99
693	4447035360	116164	24620	173	231	0	0	0	0	53	116	43	100
694	4466300800	116344	24659	173	231	0	0	0	0	53	116	43	100
695	4485621800	116524	24698	173	232	0	0	0	0	53	116	43	100
696	4504998440	116704	24737	174	232	0	0	0	0	53	117	43	100
697	4524430800	116884	24776	174	232	0	0	0	0	53	117	43	100
698	4543918960	117064	24815	174	233	0	0	0	0	53	117	43	100
699	4563463000	117244	24854	174	233	0	0	0	0	53	117	43	100
700	4583063000	117424	24893	175	233	0	0	0	0	53	117	43	101
701	4602719040	117604	24932	175	234	0	0	0	0	53	117	43	101
702	4622431200	117784	24971	175	234	0	0	0	0	54	118	43	101
703	4642199560	117964	25010	175	234	0	0	0	0	54	118	43	101
704	4662024200	118144	25049	176	235	0	0	0	0	54	118	44	101
705	4681905200	118324	25088	176	235	0	0	0	0	54	118	44	101
706	4701842640	118504	25127	176	235	0	0	0	0	54	118	44	101
707	4721836600	118684	25166	176	236	0	0	0	0	54	118	44	102
708	4741887160	118864	25205	177	236	0	0	0	0	54	119	44	102
709	4761994400	119044	25244	177	236	0	0	0	0	54	119	44	102
710	4782158400	119224	25283	177	237	0	0	0	0	54	119	44	102
711	4802379240	119404	25322	177	237	0	0	0	0	54	119	44	102
712	4822657000	119584	25361	178	237	0	0	0	0	54	119	44	102
713	4842991760	119764	25400	178	238	0	0	0	0	54	119	44	102
714	4863383600	119944	25439	178	238	0	0	0	0	54	120	44	103
715	4883832600	120124	25478	178	238	0	0	0	0	55	120	44	103
716	4904338840	120304	25517	179	239	0	0	0	0	55	120	44	103
717	4924902400	120484	25556	179	239	0	0	0	0	55	120	44	103
718	4945523360	120664	25595	179	239	0	0	0	0	55	120	44	103
719	4966201800	120844	25634	179	240	0	0	0	0	55	120	44	103
720	4986937800	121024	25673	180	240	0	0	0	0	55	121	45	103
721	5007731440	121204	25712	180	240	0	0	0	0	55	121	45	104
722	5028582800	121384	25751	180	241	0	0	0	0	55	121	45	104
723	5049491960	121564	25790	180	241	0	0	0	0	55	121	45	104
724	5070459000	121744	25829	181	241	0	0	0	0	55	121	45	104
725	5091484000	121924	25868	181	242	0	0	0	0	55	121	45	104
726	5112567040	122104	25907	181	242	0	0	0	0	55	122	45	104
727	5133708200	122284	25946	181	242	0	0	0	0	55	122	45	104
728	5154907560	122464	25985	182	243	0	0	0	0	56	122	45	105
729	5176165200	122644	26024	182	243	0	0	0	0	56	122	45	105
730	5197481200	122824	26063	182	243	0	0	0	0	56	122	45	105
731	5218855640	123004	26102	182	244	0	0	0	0	56	122	45	105
732	5240288600	123184	26141	183	244	0	0	0	0	56	123	45	105
733	5261780160	123364	26180	183	244	0	0	0	0	56	123	45	105
734	5283330400	123544	26219	183	245	0	0	0	0	56	123	45	105
735	5304939400	123724	26258	183	245	0	0	0	0	56	123	45	106
736	5326607240	123904	26297	184	245	0	0	0	0	56	123	46	106
737	5348334000	124084	26336	184	246	0	0	0	0	56	123	46	106
738	5370119760	124264	26375	184	246	0	0	0	0	56	124	46	106
739	5391964600	124444	26414	184	246	0	0	0	0	56	124	46	106
740	5413868600	124624	26453	185	247	0	0	0	0	56	124	46	106
741	5435831840	124804	26492	185	247	0	0	0	0	57	124	46	106
742	5457854400	124984	26531	185	247	0	0	0	0	57	124	46	107
743	5479936360	125164	26570	185	248	0	0	0	0	57	124	46	107
744	5502077800	125344	26609	186	248	0	0	0	0	57	125	46	107
745	5524278800	125524	26648	186	248	0	0	0	0	57	125	46	107
746	5546539440	125704	26687	186	249	0	0	0	0	57	125	46	107
747	5568859800	125884	26726	186	249	0	0	0	0	57	125	46	107
748	5591239960	126064	26765	187	249	0	0	0	0	57	125	46	107
749	5613680000	126244	26804	187	250	0	0	0	0	57	125	46	108
750	5636180000	126424	26843	187	250	0	0	0	0	57	126	46	108
751	5658740040	126604	26882	187	250	0	0	0	0	57	126	46	108
752	5681360200	126784	26921	188	251	0	0	0	0	57	126	47	108
753	5704040560	126964	26960	188	251	0	0	0	0	57	126	47	108
754	5726781200	127144	26999	188	251	0	0	0	0	58	126	47	108
755	5749582200	127324	27038	188	252	0	0	0	0	58	126	47	108
756	5772443640	127504	27077	189	252	0	0	0	0	58	127	47	109
757	5795365600	127684	27116	189	252	0	0	0	0	58	127	47	109
758	5818348160	127864	27155	189	253	0	0	0	0	58	127	47	109
759	5841391400	128044	27194	189	253	0	0	0	0	58	127	47	109
760	5864495400	128224	27233	190	253	0	0	0	0	58	127	47	109
761	5887660240	128404	27272	190	254	0	0	0	0	58	127	47	109
762	5910886000	128584	27311	190	254	0	0	0	0	58	128	47	109
763	5934172760	128764	27350	190	254	0	0	0	0	58	128	47	110
764	5957520600	128944	27389	191	255	0	0	0	0	58	128	47	110
765	5980929600	129124	27428	191	255	0	0	0	0	58	128	47	110
766	6004399840	129304	27467	191	255	0	0	0	0	58	128	47	110
767	6027931400	129484	27506	191	256	0	0	0	0	59	128	47	110
768	6051524360	129664	27545	192	256	0	0	0	0	59	129	48	110
769	6075178800	129844	27584	192	256	0	0	0	0	59	129	48	110
770	6098894800	130024	27623	192	257	0	0	0	0	59	129	48	111
771	6122672440	130204	27662	192	257	0	0	0	0	59	129	48	111
772	6146511800	130384	27701	193	257	0	0	0	0	59	129	48	111
773	6170412960	130564	27740	193	258	0	0	0	0	59	129	48	111
774	6194376000	130744	27779	193	258	0	0	0	0	59	130	48	111
775	6218401000	130924	27818	193	258	0	0	0	0	59	130	48	111
776	6242488040	131104	27857	194	259	0	0	0	0	59	130	48	111
777	6266637200	131284	27896	194	259	0	0	0	0	59	130	48	112
778	6290848560	131464	27935	194	259	0	0	0	0	59	130	48	112
779	6315122200	131644	27974	194	260	0	0	0	0	59	130	48	112
780	6339458200	131824	28013	195	260	0	0	0	0	60	131	48	112
781	6363856640	132004	28052	195	260	0	0	0	0	60	131	48	112
782	6388317600	132184	28091	195	261	0	0	0	0	60	131	48	112
783	6412841160	132364	28130	195	261	0	0	0	0	60	131	48	112
784	6437427400	132544	28169	196	261	0	0	0	0	60	131	49	113
785	6462076400	132724	28208	196	262	0	0	0	0	60	131	49	113
786	6486788240	132904	28247	196	262	0	0	0	0	60	132	49	113
787	6511563000	133084	28286	196	262	0	0	0	0	60	132	49	113
788	6536400760	133264	28325	197	263	0	0	0	0	60	132	49	113
789	6561301600	133444	28364	197	263	0	0	0	0	60	132	49	113
790	6586265600	133624	28403	197	263	0	0	0	0	60	132	49	113
791	6611292840	133804	28442	197	264	0	0	0	0	60	132	49	114
792	6636383400	133984	28481	198	264	0	0	0	0	60	133	49	114
793	6661537360	134164	28520	198	264	0	0	0	0	61	133	49	114
794	6686754800	134344	28559	198	265	0	0	0	0	61	133	49	114
795	6712035800	134524	28598	198	265	0	0	0	0	61	133	49	114
796	6737380440	134704	28637	199	265	0	0	0	0	61	133	49	114
797	6762788800	134884	28676	199	266	0	0	0	0	61	133	49	114
798	6788260960	135064	28715	199	266	0	0	0	0	61	134	49	115
799	6813797000	135244	28754	199	266	0	0	0	0	61	134	49	115
800	6839397000	135424	28793	200	267	0	0	0	0	61	134	50	115
801	6865061040	135604	28832	200	267	0	0	0	0	61	134	50	115
802	6890789200	135784	28871	200	267	0	0	0	0	61	134	50	115
803	6916581560	135964	28910	200	268	0	0	0	0	61	134	50	115
804	6942438200	136144	28949	201	268	0	0	0	0	61	135	50	115
805	6968359200	136324	28988	201	268	0	0	0	0	61	135	50	116
806	6994344640	136504	29027	201	269	0	0	0	0	62	135	50	116
807	7020394600	136684	29066	201	269	0	0	0	0	62	135	50	116
808	7046509160	136864	29105	202	269	0	0	0	0	62	135	50	116
809	7072688400	137044	29144	202	270	0	0	0	0	62	135	50	116
810	7098932400	137224	29183	202	270	0	0	0	0	62	136	50	116
811	7125241240	137404	29222	202	270	0	0	0	0	62	136	50	116
812	7151615000	137584	29261	203	271	0	0	0	0	62	136	50	117
813	7178053760	137764	29300	203	271	0	0	0	0	62	136	50	117
814	7204557600	137944	29339	203	271	0	0	0	0	62	136	50	117
815	7231126600	138124	29378	203	272	0	0	0	0	62	136	50	117
816	7257760840	138304	29417	204	272	0	0	0	0	62	137	51	117
817	7284460400	138484	29456	204	272	0	0	0	0	62	137	51	117
818	7311225360	138664	29495	204	273	0	0	0	0	62	137	51	117
819	7338055800	138844	29534	204	273	0	0	0	0	63	137	51	118
820	7364951800	139024	29573	205	273	0	0	0	0	63	137	51	118
821	7391913440	139204	29612	205	274	0	0	0	0	63	137	51	118
822	7418940800	139384	29651	205	274	0	0	0	0	63	138	51	118
823	7446033960	139564	29690	205	274	0	0	0	0	63	138	51	118
824	7473193000	139744	29729	206	275	0	0	0	0	63	138	51	118
825	7500418000	139924	29768	206	275	0	0	0	0	63	138	51	118
826	7527709040	140104	29807	206	275	0	0	0	0	63	138	51	119
827	7555066200	140284	29846	206	276	0	0	0	0	63	138	51	119
828	7582489560	140464	29885	207	276	0	0	0	0	63	139	51	119
829	7609979200	140644	29924	207	276	0	0	0	0	63	139	51	119
830	7637535200	140824	29963	207	277	0	0	0	0	63	139	51	119
831	7665157640	141004	30002	207	277	0	0	0	0	63	139	51	119
832	7692846600	141184	30041	208	277	0	0	0	0	64	139	52	119
833	7720602160	141364	30080	208	278	0	0	0	0	64	139	52	120
834	7748424400	141544	30119	208	278	0	0	0	0	64	140	52	120
835	7776313400	141724	30158	208	278	0	0	0	0	64	140	52	120
836	7804269240	141904	30197	209	279	0	0	0	0	64	140	52	120
837	7832292000	142084	30236	209	279	0	0	0	0	64	140	52	120
838	7860381760	142264	30275	209	279	0	0	0	0	64	140	52	120
839	7888538600	142444	30314	209	280	0	0	0	0	64	140	52	120
840	7916762600	142624	30353	210	280	0	0	0	0	64	141	52	121
841	7945053840	142804	30392	210	280	0	0	0	0	64	141	52	121
842	7973412400	142984	30431	210	281	0	0	0	0	64	141	52	121
843	8001838360	143164	30470	210	281	0	0	0	0	64	141	52	121
844	8030331800	143344	30509	211	281	0	0	0	0	64	141	52	121
845	8058892800	143524	30548	211	282	0	0	0	0	65	141	52	121
846	8087521440	143704	30587	211	282	0	0	0	0	65	142	52	121
847	8116217800	143884	30626	211	282	0	0	0	0	65	142	52	122
848	8144981960	144064	30665	212	283	0	0	0	0	65	142	53	122
849	8173814000	144244	30704	212	283	0	0	0	0	65	142	53	122
850	8202714000	144424	30743	212	283	0	0	0	0	65	142	53	122
851	8231682040	144604	30782	212	284	0	0	0	0	65	142	53	122
852	8260718200	144784	30821	213	284	0	0	0	0	65	143	53	122
853	8289822560	144964	30860	213	284	0	0	0	0	65	143	53	122
854	8318995200	145144	30899	213	285	0	0	0	0	65	143	53	123
855	8348236200	145324	30938	213	285	0	0	0	0	65	143	53	123
856	8377545640	145504	30977	214	285	0	0	0	0	65	143	53	123
857	8406923600	145684	31016	214	286	0	0	0	0	65	143	53	123
858	8436370160	145864	31055	214	286	0	0	0	0	66	144	53	123
859	8465885400	146044	31094	214	286	0	0	0	0	66	144	53	123
860	8495469400	146224	31133	215	287	0	0	0	0	66	144	53	123
861	8525122240	146404	31172	215	287	0	0	0	0	66	144	53	124
862	8554844000	146584	31211	215	287	0	0	0	0	66	144	53	124
863	8584634760	146764	31250	215	288	0	0	0	0	66	144	53	124
864	8614494600	146944	31289	216	288	0	0	0	0	66	145	54	124
865	8644423600	147124	31328	216	288	0	0	0	0	66	145	54	124
866	8674421840	147304	31367	216	289	0	0	0	0	66	145	54	124
867	8704489400	147484	31406	216	289	0	0	0	0	66	145	54	124
868	8734626360	147664	31445	217	289	0	0	0	0	66	145	54	125
869	8764832800	147844	31484	217	290	0	0	0	0	66	145	54	125
870	8795108800	148024	31523	217	290	0	0	0	0	66	146	54	125
871	8825454440	148204	31562	217	290	0	0	0	0	67	146	54	125
872	8855869800	148384	31601	218	291	0	0	0	0	67	146	54	125
873	8886354960	148564	31640	218	291	0	0	0	0	67	146	54	125
874	8916910000	148744	31679	218	291	0	0	0	0	67	146	54	125
875	8947535000	148924	31718	218	292	0	0	0	0	67	146	54	126
876	8978230040	149104	31757	219	292	0	0	0	0	67	147	54	126
877	9008995200	149284	31796	219	292	0	0	0	0	67	147	54	126
878	9039830560	149464	31835	219	293	0	0	0	0	67	147	54	126
879	9070736200	149644	31874	219	293	0	0	0	0	67	147	54	126
880	9101712200	149824	31913	220	293	0	0	0	0	67	147	55	126
881	9132758640	150004	31952	220	294	0	0	0	0	67	147	55	126
882	9163875600	150184	31991	220	294	0	0	0	0	67	148	55	127
883	9195063160	150364	32030	220	294	0	0	0	0	67	148	55	127
884	9226321400	150544	32069	221	295	0	0	0	0	68	148	55	127
885	9257650400	150724	32108	221	295	0	0	0	0	68	148	55	127
886	9289050240	150904	32147	221	295	0	0	0	0	68	148	55	127
887	9320521000	151084	32186	221	296	0	0	0	0	68	148	55	127
888	9352062760	151264	32225	222	296	0	0	0	0	68	149	55	127
889	9383675600	151444	32264	222	296	0	0	0	0	68	149	55	128
890	9415359600	151624	32303	222	297	0	0	0	0	68	149	55	128
891	9447114840	151804	32342	222	297	0	0	0	0	68	149	55	128
892	9478941400	151984	32381	223	297	0	0	0	0	68	149	55	128
893	9510839360	152164	32420	223	298	0	0	0	0	68	149	55	128
894	9542808800	152344	32459	223	298	0	0	0	0	68	150	55	128
895	9574849800	152524	32498	223	298	0	0	0	0	68	150	55	128
896	9606962440	152704	32537	224	299	0	0	0	0	68	150	56	129
897	9639146800	152884	32576	224	299	0	0	0	0	69	150	56	129
898	9671402960	153064	32615	224	299	0	0	0	0	69	150	56	129
899	9703731000	153244	32654	224	300	0	0	0	0	69	150	56	129
900	9736131000	153424	32693	225	300	0	0	0	0	69	151	56	129
901	9768603040	153604	32732	225	300	0	0	0	0	69	151	56	129
902	9801147200	153784	32771	225	301	0	0	0	0	69	151	56	129
903	9833763560	153964	32810	225	301	0	0	0	0	69	151	56	130
904	9866452200	154144	32849	226	301	0	0	0	0	69	151	56	130
905	9899213200	154324	32888	226	302	0	0	0	0	69	151	56	130
906	9932046640	154504	32927	226	302	0	0	0	0	69	152	56	130
907	9964952600	154684	32966	226	302	0	0	0	0	69	152	56	130
908	9997931160	154864	33005	227	303	0	0	0	0	69	152	56	130
909	10030982400	155044	33044	227	303	0	0	0	0	69	152	56	130
910	10064106400	155224	33083	227	303	0	0	0	0	70	152	56	131
911	10097303240	155404	33122	227	304	0	0	0	0	70	152	56	131
912	10130573000	155584	33161	228	304	0	0	0	0	70	153	57	131
913	10163915760	155764	33200	228	304	0	0	0	0	70	153	57	131
914	10197331600	155944	33239	228	305	0	0	0	0	70	153	57	131
915	10230820600	156124	33278	228	305	0	0	0	0	70	153	57	131
916	10264382840	156304	33317	229	305	0	0	0	0	70	153	57	131
917	10298018400	156484	33356	229	306	0	0	0	0	70	153	57	132
918	10331727360	156664	33395	229	306	0	0	0	0	70	154	57	132
919	10365509800	156844	33434	229	306	0	0	0	0	70	154	57	132
920	10399365800	157024	33473	230	307	0	0	0	0	70	154	57	132
921	10433295440	157204	33512	230	307	0	0	0	0	70	154	57	132
922	10467298800	157384	33551	230	307	0	0	0	0	70	154	57	132
923	10501375960	157564	33590	230	308	0	0	0	0	71	154	57	132
924	10535527000	157744	33629	231	308	0	0	0	0	71	155	57	133
925	10569752000	157924	33668	231	308	0	0	0	0	71	155	57	133
926	10604051040	158104	33707	231	309	0	0	0	0	71	155	57	133
927	10638424200	158284	33746	231	309	0	0	0	0	71	155	57	133
928	10672871560	158464	33785	232	309	0	0	0	0	71	155	58	133
929	10707393200	158644	33824	232	310	0	0	0	0	71	155	58	133
930	10741989200	158824	33863	232	310	0	0	0	0	71	156	58	133
931	10776659640	159004	33902	232	310	0	0	0	0	71	156	58	134
932	10811404600	159184	33941	233	311	0	0	0	0	71	156	58	134
933	10846224160	159364	33980	233	311	0	0	0	0	71	156	58	134
934	10881118400	159544	34019	233	311	0	0	0	0	71	156	58	134
935	10916087400	159724	34058	233	312	0	0	0	0	71	156	58	134
936	10951131240	159904	34097	234	312	0	0	0	0	72	157	58	134
937	10986250000	160084	34136	234	312	0	0	0	0	72	157	58	134
938	11021443760	160264	34175	234	313	0	0	0	0	72	157	58	135
939	11056712600	160444	34214	234	313	0	0	0	0	72	157	58	135
940	11092056600	160624	34253	235	313	0	0	0	0	72	157	58	135
941	11127475840	160804	34292	235	314	0	0	0	0	72	157	58	135
942	11162970400	160984	34331	235	314	0	0	0	0	72	158	58	135
943	11198540360	161164	34370	235	314	0	0	0	0	72	158	58	135
944	11234185800	161344	34409	236	315	0	0	0	0	72	158	59	135
945	11269906800	161524	34448	236	315	0	0	0	0	72	158	59	136
946	11305703440	161704	34487	236	315	0	0	0	0	72	158	59	136
947	11341575800	161884	34526	236	316	0	0	0	0	72	158	59	136
948	11377523960	162064	34565	237	316	0	0	0	0	72	159	59	136
949	11413548000	162244	34604	237	316	0	0	0	0	73	159	59	136
950	11449648000	162424	34643	237	317	0	0	0	0	73	159	59	136
951	11485824040	162604	34682	237	317	0	0	0	0	73	159	59	136
952	11522076200	162784	34721	238	317	0	0	0	0	73	159	59	137
953	11558404560	162964	34760	238	318	0	0	0	0	73	159	59	137
954	11594809200	163144	34799	238	318	0	0	0	0	73	160	59	137
955	11631290200	163324	34838	238	318	0	0	0	0	73	160	59	137
956	11667847640	163504	34877	239	319	0	0	0	0	73	160	59	137
957	11704481600	163684	34916	239	319	0	0	0	0	73	160	59	137
958	11741192160	163864	34955	239	319	0	0	0	0	73	160	59	137
959	11777979400	164044	34994	239	320	0	0	0	0	73	160	59	138
960	11814843400	164224	35033	240	320	0	0	0	0	73	161	60	138
961	11851784240	164404	35072	240	320	0	0	0	0	73	161	60	138
962	11888802000	164584	35111	240	321	0	0	0	0	74	161	60	138
963	11925896760	164764	35150	240	321	0	0	0	0	74	161	60	138
964	11963068600	164944	35189	241	321	0	0	0	0	74	161	60	138
965	12000317600	165124	35228	241	322	0	0	0	0	74	161	60	138
966	12037643840	165304	35267	241	322	0	0	0	0	74	162	60	139
967	12075047400	165484	35306	241	322	0	0	0	0	74	162	60	139
968	12112528360	165664	35345	242	323	0	0	0	0	74	162	60	139
969	12150086800	165844	35384	242	323	0	0	0	0	74	162	60	139
970	12187722800	166024	35423	242	323	0	0	0	0	74	162	60	139
971	12225436440	166204	35462	242	324	0	0	0	0	74	162	60	139
972	12263227800	166384	35501	243	324	0	0	0	0	74	163	60	139
973	12301096960	166564	35540	243	324	0	0	0	0	74	163	60	140
974	12339044000	166744	35579	243	325	0	0	0	0	74	163	60	140
975	12377069000	166924	35618	243	325	0	0	0	0	75	163	60	140
976	12415172040	167104	35657	244	325	0	0	0	0	75	163	61	140
977	12453353200	167284	35696	244	326	0	0	0	0	75	163	61	140
978	12491612560	167464	35735	244	326	0	0	0	0	75	164	61	140
979	12529950200	167644	35774	244	326	0	0	0	0	75	164	61	140
980	12568366200	167824	35813	245	327	0	0	0	0	75	164	61	141
981	12606860640	168004	35852	245	327	0	0	0	0	75	164	61	141
982	12645433600	168184	35891	245	327	0	0	0	0	75	164	61	141
983	12684085160	168364	35930	245	328	0	0	0	0	75	164	61	141
984	12722815400	168544	35969	246	328	0	0	0	0	75	165	61	141
985	12761624400	168724	36008	246	328	0	0	0	0	75	165	61	141
986	12800512240	168904	36047	246	329	0	0	0	0	75	165	61	141
987	12839479000	169084	36086	246	329	0	0	0	0	75	165	61	142
988	12878524760	169264	36125	247	329	0	0	0	0	76	165	61	142
989	12917649600	169444	36164	247	330	0	0	0	0	76	165	61	142
990	12956853600	169624	36203	247	330	0	0	0	0	76	166	61	142
991	12996136840	169804	36242	247	330	0	0	0	0	76	166	61	142
992	13035499400	169984	36281	248	331	0	0	0	0	76	166	62	142
993	13074941360	170164	36320	248	331	0	0	0	0	76	166	62	142
994	13114462800	170344	36359	248	331	0	0	0	0	76	166	62	143
995	13154063800	170524	36398	248	332	0	0	0	0	76	166	62	143
996	13193744440	170704	36437	249	332	0	0	0	0	76	167	62	143
997	13233504800	170884	36476	249	332	0	0	0	0	76	167	62	143
998	13273344960	171064	36515	249	333	0	0	0	0	76	167	62	143
999	13313265000	171244	36554	249	333	0	0	0	0	76	167	62	143
1000	13353265000	171424	36593	250	333	0	0	0	0	76	167	62	143
1001	13393345040	171604	36632	250	334	0	0	0	0	77	167	62	144
1002	13433505200	171784	36671	250	334	0	0	0	0	77	168	62	144
1003	13473745560	171964	36710	250	334	0	0	0	0	77	168	62	144
1004	13514066200	172144	36749	251	335	0	0	0	0	77	168	62	144
1005	13554467200	172324	36788	251	335	0	0	0	0	77	168	62	144
1006	13594948640	172504	36827	251	335	0	0	0	0	77	168	62	144
1007	13635510600	172684	36866	251	336	0	0	0	0	77	168	62	144
1008	13676153160	172864	36905	252	336	0	0	0	0	77	169	63	145
1009	13716876400	173044	36944	252	336	0	0	0	0	77	169	63	145
1010	13757680400	173224	36983	252	337	0	0	0	0	77	169	63	145
1011	13798565240	173404	37022	252	337	0	0	0	0	77	169	63	145
1012	13839531000	173584	37061	253	337	0	0	0	0	77	169	63	145
1013	13880577760	173764	37100	253	338	0	0	0	0	77	169	63	145
1014	13921705600	173944	37139	253	338	0	0	0	0	78	170	63	145
1015	13962914600	174124	37178	253	338	0	0	0	0	78	170	63	146
1016	14004204840	174304	37217	254	339	0	0	0	0	78	170	63	146
1017	14045576400	174484	37256	254	339	0	0	0	0	78	170	63	146
1018	14087029360	174664	37295	254	339	0	0	0	0	78	170	63	146
1019	14128563800	174844	37334	254	340	0	0	0	0	78	170	63	146
1020	14170179800	175024	37373	255	340	0	0	0	0	78	171	63	146
1021	14211877440	175204	37412	255	340	0	0	0	0	78	171	63	146
1022	14253656800	175384	37451	255	341	0	0	0	0	78	171	63	147
1023	14295517960	175564	37490	255	341	0	0	0	0	78	171	63	147
1024	14337461000	175744	37529	256	341	0	0	0	0	78	171	64	147
1025	14379486000	175924	37568	256	342	0	0	0	0	78	171	64	147
1026	14421593040	176104	37607	256	342	0	0	0	0	78	172	64	147
1027	14463782200	176284	37646	256	342	0	0	0	0	79	172	64	147
1028	14506053560	176464	37685	257	343	0	0	0	0	79	172	64	147
1029	14548407200	176644	37724	257	343	0	0	0	0	79	172	64	148
1030	14590843200	176824	37763	257	343	0	0	0	0	79	172	64	148
1031	14633361640	177004	37802	257	344	0	0	0	0	79	172	64	148
1032	14675962600	177184	37841	258	344	0	0	0	0	79	173	64	148
1033	14718646160	177364	37880	258	344	0	0	0	0	79	173	64	148
1034	14761412400	177544	37919	258	345	0	0	0	0	79	173	64	148
1035	14804261400	177724	37958	258	345	0	0	0	0	79	173	64	148
1036	14847193240	177904	37997	259	345	0	0	0	0	79	173	64	149
1037	14890208000	178084	38036	259	346	0	0	0	0	79	173	64	149
1038	14933305760	178264	38075	259	346	0	0	0	0	79	174	64	149
1039	14976486600	178444	38114	259	346	0	0	0	0	79	174	64	149
1040	15019750600	178624	38153	260	347	0	0	0	0	80	174	65	149
1041	15063097840	178804	38192	260	347	0	0	0	0	80	174	65	149
1042	15106528400	178984	38231	260	347	0	0	0	0	80	174	65	149
1043	15150042360	179164	38270	260	348	0	0	0	0	80	174	65	150
1044	15193639800	179344	38309	261	348	0	0	0	0	80	175	65	150
1045	15237320800	179524	38348	261	348	0	0	0	0	80	175	65	150
1046	15281085440	179704	38387	261	349	0	0	0	0	80	175	65	150
1047	15324933800	179884	38426	261	349	0	0	0	0	80	175	65	150
1048	15368865960	180064	38465	262	349	0	0	0	0	80	175	65	150
1049	15412882000	180244	38504	262	350	0	0	0	0	80	175	65	150
1050	15456982000	180424	38543	262	350	0	0	0	0	80	176	65	151
1051	15501166040	180604	38582	262	350	0	0	0	0	80	176	65	151
1052	15545434200	180784	38621	263	351	0	0	0	0	80	176	65	151
1053	15589786560	180964	38660	263	351	0	0	0	0	81	176	65	151
1054	15634223200	181144	38699	263	351	0	0	0	0	81	176	65	151
1055	15678744200	181324	38738	263	352	0	0	0	0	81	176	65	151
1056	15723349640	181504	38777	264	352	0	0	0	0	81	177	66	151
1057	15768039600	181684	38816	264	352	0	0	0	0	81	177	66	152
1058	15812814160	181864	38855	264	353	0	0	0	0	81	177	66	152
1059	15857673400	182044	38894	264	353	0	0	0	0	81	177	66	152
1060	15902617400	182224	38933	265	353	0	0	0	0	81	177	66	152
1061	15947646240	182404	38972	265	354	0	0	0	0	81	177	66	152
1062	15992760000	182584	39011	265	354	0	0	0	0	81	178	66	152
1063	16037958760	182764	39050	265	354	0	0	0	0	81	178	66	152
1064	16083242600	182944	39089	266	355	0	0	0	0	81	178	66	153
1065	16128611600	183124	39128	266	355	0	0	0	0	81	178	66	153
1066	16174065840	183304	39167	266	355	0	0	0	0	82	178	66	153
1067	16219605400	183484	39206	266	356	0	0	0	0	82	178	66	153
1068	16265230360	183664	39245	267	356	0	0	0	0	82	179	66	153
1069	16310940800	183844	39284	267	356	0	0	0	0	82	179	66	153
1070	16356736800	184024	39323	267	357	0	0	0	0	82	179	66	153
1071	16402618440	184204	39362	267	357	0	0	0	0	82	179	66	154
1072	16448585800	184384	39401	268	357	0	0	0	0	82	179	67	154
1073	16494638960	184564	39440	268	358	0	0	0	0	82	179	67	154
1074	16540778000	184744	39479	268	358	0	0	0	0	82	180	67	154
1075	16587003000	184924	39518	268	358	0	0	0	0	82	180	67	154
1076	16633314040	185104	39557	269	359	0	0	0	0	82	180	67	154
1077	16679711200	185284	39596	269	359	0	0	0	0	82	180	67	154
1078	16726194560	185464	39635	269	359	0	0	0	0	82	180	67	155
1079	16772764200	185644	39674	269	360	0	0	0	0	83	180	67	155
1080	16819420200	185824	39713	270	360	0	0	0	0	83	181	67	155
1081	16866162640	186004	39752	270	360	0	0	0	0	83	181	67	155
1082	16912991600	186184	39791	270	361	0	0	0	0	83	181	67	155
1083	16959907160	186364	39830	270	361	0	0	0	0	83	181	67	155
1084	17006909400	186544	39869	271	361	0	0	0	0	83	181	67	155
1085	17053998400	186724	39908	271	362	0	0	0	0	83	181	67	156
1086	17101174240	186904	39947	271	362	0	0	0	0	83	182	67	156
1087	17148437000	187084	39986	271	362	0	0	0	0	83	182	67	156
1088	17195786760	187264	40025	272	363	0	0	0	0	83	182	68	156
1089	17243223600	187444	40064	272	363	0	0	0	0	83	182	68	156
1090	17290747600	187624	40103	272	363	0	0	0	0	83	182	68	156
1091	17338358840	187804	40142	272	364	0	0	0	0	83	182	68	156
1092	17386057400	187984	40181	273	364	0	0	0	0	84	183	68	157
1093	17433843360	188164	40220	273	364	0	0	0	0	84	183	68	157
1094	17481716800	188344	40259	273	365	0	0	0	0	84	183	68	157
1095	17529677800	188524	40298	273	365	0	0	0	0	84	183	68	157
1096	17577726440	188704	40337	274	365	0	0	0	0	84	183	68	157
1097	17625862800	188884	40376	274	366	0	0	0	0	84	183	68	157
1098	17674086960	189064	40415	274	366	0	0	0	0	84	184	68	157
1099	17722399000	189244	40454	274	366	0	0	0	0	84	184	68	158
1100	17770799000	189424	40493	275	367	0	0	0	0	84	184	68	158
1101	17819287040	189604	40532	275	367	0	0	0	0	84	184	68	158
1102	17867863200	189784	40571	275	367	0	0	0	0	84	184	68	158
1103	17916527560	189964	40610	275	368	0	0	0	0	84	184	68	158
1104	17965280200	190144	40649	276	368	0	0	0	0	84	185	69	158
1105	18014121200	190324	40688	276	368	0	0	0	0	85	185	69	158
1106	18063050640	190504	40727	276	369	0	0	0	0	85	185	69	159
1107	18112068600	190684	40766	276	369	0	0	0	0	85	185	69	159
1108	18161175160	190864	40805	277	369	0	0	0	0	85	185	69	159
1109	18210370400	191044	40844	277	370	0	0	0	0	85	185	69	159
1110	18259654400	191224	40883	277	370	0	0	0	0	85	186	69	159
1111	18309027240	191404	40922	277	370	0	0	0	0	85	186	69	159
1112	18358489000	191584	40961	278	371	0	0	0	0	85	186	69	159
1113	18408039760	191764	41000	278	371	0	0	0	0	85	186	69	160
1114	18457679600	191944	41039	278	371	0	0	0	0	85	186	69	160
1115	18507408600	192124	41078	278	372	0	0	0	0	85	186	69	160
1116	18557226840	192304	41117	279	372	0	0	0	0	85	187	69	160
1117	18607134400	192484	41156	279	372	0	0	0	0	85	187	69	160
1118	18657131360	192664	41195	279	373	0	0	0	0	86	187	69	160
1119	18707217800	192844	41234	279	373	0	0	0	0	86	187	69	160
1120	18757393800	193024	41273	280	373	0	0	0	0	86	187	70	161
1121	18807659440	193204	41312	280	374	0	0	0	0	86	187	70	161
1122	18858014800	193384	41351	280	374	0	0	0	0	86	188	70	161
1123	18908459960	193564	41390	280	374	0	0	0	0	86	188	70	161
1124	18958995000	193744	41429	281	375	0	0	0	0	86	188	70	161
1125	19009620000	193924	41468	281	375	0	0	0	0	86	188	70	161
1126	19060335040	194104	41507	281	375	0	0	0	0	86	188	70	161
1127	19111140200	194284	41546	281	376	0	0	0	0	86	188	70	162
1128	19162035560	194464	41585	282	376	0	0	0	0	86	189	70	162
1129	19213021200	194644	41624	282	376	0	0	0	0	86	189	70	162
1130	19264097200	194824	41663	282	377	0	0	0	0	86	189	70	162
1131	19315263640	195004	41702	282	377	0	0	0	0	87	189	70	162
1132	19366520600	195184	41741	283	377	0	0	0	0	87	189	70	162
1133	19417868160	195364	41780	283	378	0	0	0	0	87	189	70	162
1134	19469306400	195544	41819	283	378	0	0	0	0	87	190	70	163
1135	19520835400	195724	41858	283	378	0	0	0	0	87	190	70	163
1136	19572455240	195904	41897	284	379	0	0	0	0	87	190	71	163
1137	19624166000	196084	41936	284	379	0	0	0	0	87	190	71	163
1138	19675967760	196264	41975	284	379	0	0	0	0	87	190	71	163
1139	19727860600	196444	42014	284	380	0	0	0	0	87	190	71	163
1140	19779844600	196624	42053	285	380	0	0	0	0	87	191	71	163
1141	19831919840	196804	42092	285	380	0	0	0	0	87	191	71	164
1142	19884086400	196984	42131	285	381	0	0	0	0	87	191	71	164
1143	19936344360	197164	42170	285	381	0	0	0	0	87	191	71	164
1144	19988693800	197344	42209	286	381	0	0	0	0	88	191	71	164
1145	20041134800	197524	42248	286	382	0	0	0	0	88	191	71	164
1146	20093667440	197704	42287	286	382	0	0	0	0	88	192	71	164
1147	20146291800	197884	42326	286	382	0	0	0	0	88	192	71	164
1148	20199007960	198064	42365	287	383	0	0	0	0	88	192	71	165
1149	20251816000	198244	42404	287	383	0	0	0	0	88	192	71	165
1150	20304716000	198424	42443	287	383	0	0	0	0	88	192	71	165
1151	20357708040	198604	42482	287	384	0	0	0	0	88	192	71	165
1152	20410792200	198784	42521	288	384	0	0	0	0	88	193	72	165
1153	20463968560	198964	42560	288	384	0	0	0	0	88	193	72	165
1154	20517237200	199144	42599	288	385	0	0	0	0	88	193	72	165
1155	20570598200	199324	42638	288	385	0	0	0	0	88	193	72	166
1156	20624051640	199504	42677	289	385	0	0	0	0	88	193	72	166
1157	20677597600	199684	42716	289	386	0	0	0	0	89	193	72	166
1158	20731236160	199864	42755	289	386	0	0	0	0	89	194	72	166
1159	20784967400	200044	42794	289	386	0	0	0	0	89	194	72	166
1160	20838791400	200224	42833	290	387	0	0	0	0	89	194	72	166
1161	20892708240	200404	42872	290	387	0	0	0	0	89	194	72	166
1162	20946718000	200584	42911	290	387	0	0	0	0	89	194	72	167
1163	21000820760	200764	42950	290	388	0	0	0	0	89	194	72	167
1164	21055016600	200944	42989	291	388	0	0	0	0	89	195	72	167
1165	21109305600	201124	43028	291	388	0	0	0	0	89	195	72	167
1166	21163687840	201304	43067	291	389	0	0	0	0	89	195	72	167
1167	21218163400	201484	43106	291	389	0	0	0	0	89	195	72	167
1168	21272732360	201664	43145	292	389	0	0	0	0	89	195	73	167
1169	21327394800	201844	43184	292	390	0	0	0	0	89	195	73	168
1170	21382150800	202024	43223	292	390	0	0	0	0	90	196	73	168
1171	21437000440	202204	43262	292	390	0	0	0	0	90	196	73	168
1172	21491943800	202384	43301	293	391	0	0	0	0	90	196	73	168
1173	21546980960	202564	43340	293	391	0	0	0	0	90	196	73	168
1174	21602112000	202744	43379	293	391	0	0	0	0	90	196	73	168
1175	21657337000	202924	43418	293	392	0	0	0	0	90	196	73	168
1176	21712656040	203104	43457	294	392	0	0	0	0	90	197	73	169
1177	21768069200	203284	43496	294	392	0	0	0	0	90	197	73	169
1178	21823576560	203464	43535	294	393	0	0	0	0	90	197	73	169
1179	21879178200	203644	43574	294	393	0	0	0	0	90	197	73	169
1180	21934874200	203824	43613	295	393	0	0	0	0	90	197	73	169
1181	21990664640	204004	43652	295	394	0	0	0	0	90	197	73	169
1182	22046549600	204184	43691	295	394	0	0	0	0	90	198	73	169
1183	22102529160	204364	43730	295	394	0	0	0	0	91	198	73	170
1184	22158603400	204544	43769	296	395	0	0	0	0	91	198	74	170
1185	22214772400	204724	43808	296	395	0	0	0	0	91	198	74	170
1186	22271036240	204904	43847	296	395	0	0	0	0	91	198	74	170
1187	22327395000	205084	43886	296	396	0	0	0	0	91	198	74	170
1188	22383848760	205264	43925	297	396	0	0	0	0	91	199	74	170
1189	22440397600	205444	43964	297	396	0	0	0	0	91	199	74	170
1190	22497041600	205624	44003	297	397	0	0	0	0	91	199	74	171
1191	22553780840	205804	44042	297	397	0	0	0	0	91	199	74	171
1192	22610615400	205984	44081	298	397	0	0	0	0	91	199	74	171
1193	22667545360	206164	44120	298	398	0	0	0	0	91	199	74	171
1194	22724570800	206344	44159	298	398	0	0	0	0	91	200	74	171
1195	22781691800	206524	44198	298	398	0	0	0	0	91	200	74	171
1196	22838908440	206704	44237	299	399	0	0	0	0	92	200	74	171
1197	22896220800	206884	44276	299	399	0	0	0	0	92	200	74	172
1198	22953628960	207064	44315	299	399	0	0	0	0	92	200	74	172
1199	23011133000	207244	44354	299	400	0	0	0	0	92	200	74	172
1200	23068733000	207424	44393	300	400	0	0	0	0	92	201	75	172
1201	23126429040	207604	44432	300	400	0	0	0	0	92	201	75	172
1202	23184221200	207784	44471	300	401	0	0	0	0	92	201	75	172
1203	23242109560	207964	44510	300	401	0	0	0	0	92	201	75	172
1204	23300094200	208144	44549	301	401	0	0	0	0	92	201	75	173
1205	23358175200	208324	44588	301	402	0	0	0	0	92	201	75	173
1206	23416352640	208504	44627	301	402	0	0	0	0	92	202	75	173
1207	23474626600	208684	44666	301	402	0	0	0	0	92	202	75	173
1208	23532997160	208864	44705	302	403	0	0	0	0	92	202	75	173
1209	23591464400	209044	44744	302	403	0	0	0	0	93	202	75	173
1210	23650028400	209224	44783	302	403	0	0	0	0	93	202	75	173
1211	23708689240	209404	44822	302	404	0	0	0	0	93	202	75	174
1212	23767447000	209584	44861	303	404	0	0	0	0	93	203	75	174
1213	23826301760	209764	44900	303	404	0	0	0	0	93	203	75	174
1214	23885253600	209944	44939	303	405	0	0	0	0	93	203	75	174
1215	23944302600	210124	44978	303	405	0	0	0	0	93	203	75	174
1216	24003448840	210304	45017	304	405	0	0	0	0	93	203	76	174
1217	24062692400	210484	45056	304	406	0	0	0	0	93	203	76	174
1218	24122033360	210664	45095	304	406	0	0	0	0	93	204	76	175
1219	24181471800	210844	45134	304	406	0	0	0	0	93	204	76	175
1220	24241007800	211024	45173	305	407	0	0	0	0	93	204	76	175
1221	24300641440	211204	45212	305	407	0	0	0	0	93	204	76	175
1222	24360372800	211384	45251	305	407	0	0	0	0	94	204	76	175
1223	24420201960	211564	45290	305	408	0	0	0	0	94	204	76	175
1224	24480129000	211744	45329	306	408	0	0	0	0	94	205	76	175
1225	24540154000	211924	45368	306	408	0	0	0	0	94	205	76	176
1226	24600277040	212104	45407	306	409	0	0	0	0	94	205	76	176
1227	24660498200	212284	45446	306	409	0	0	0	0	94	205	76	176
1228	24720817560	212464	45485	307	409	0	0	0	0	94	205	76	176
1229	24781235200	212644	45524	307	410	0	0	0	0	94	205	76	176
1230	24841751200	212824	45563	307	410	0	0	0	0	94	206	76	176
1231	24902365640	213004	45602	307	410	0	0	0	0	94	206	76	176
1232	24963078600	213184	45641	308	411	0	0	0	0	94	206	77	177
1233	25023890160	213364	45680	308	411	0	0	0	0	94	206	77	177
1234	25084800400	213544	45719	308	411	0	0	0	0	94	206	77	177
1235	25145809400	213724	45758	308	412	0	0	0	0	95	206	77	177
1236	25206917240	213904	45797	309	412	0	0	0	0	95	207	77	177
1237	25268124000	214084	45836	309	412	0	0	0	0	95	207	77	177
1238	25329429760	214264	45875	309	413	0	0	0	0	95	207	77	177
1239	25390834600	214444	45914	309	413	0	0	0	0	95	207	77	178
1240	25452338600	214624	45953	310	413	0	0	0	0	95	207	77	178
1241	25513941840	214804	45992	310	414	0	0	0	0	95	207	77	178
1242	25575644400	214984	46031	310	414	0	0	0	0	95	208	77	178
1243	25637446360	215164	46070	310	414	0	0	0	0	95	208	77	178
1244	25699347800	215344	46109	311	415	0	0	0	0	95	208	77	178
1245	25761348800	215524	46148	311	415	0	0	0	0	95	208	77	178
1246	25823449440	215704	46187	311	415	0	0	0	0	95	208	77	179
1247	25885649800	215884	46226	311	416	0	0	0	0	95	208	77	179
1248	25947949960	216064	46265	312	416	0	0	0	0	96	209	78	179
1249	26010350000	216244	46304	312	416	0	0	0	0	96	209	78	179
1250	26072850000	216424	46343	312	417	0	0	0	0	96	209	78	179
1251	26135450040	216604	46382	312	417	0	0	0	0	96	209	78	179
1252	26198150200	216784	46421	313	417	0	0	0	0	96	209	78	179
1253	26260950560	216964	46460	313	418	0	0	0	0	96	209	78	180
1254	26323851200	217144	46499	313	418	0	0	0	0	96	210	78	180
1255	26386852200	217324	46538	313	418	0	0	0	0	96	210	78	180
1256	26449953640	217504	46577	314	419	0	0	0	0	96	210	78	180
1257	26513155600	217684	46616	314	419	0	0	0	0	96	210	78	180
1258	26576458160	217864	46655	314	419	0	0	0	0	96	210	78	180
1259	26639861400	218044	46694	314	420	0	0	0	0	96	210	78	180
1260	26703365400	218224	46733	315	420	0	0	0	0	96	211	78	181
1261	26766970240	218404	46772	315	420	0	0	0	0	97	211	78	181
1262	26830676000	218584	46811	315	421	0	0	0	0	97	211	78	181
1263	26894482760	218764	46850	315	421	0	0	0	0	97	211	78	181
1264	26958390600	218944	46889	316	421	0	0	0	0	97	211	79	181
1265	27022399600	219124	46928	316	422	0	0	0	0	97	211	79	181
1266	27086509840	219304	46967	316	422	0	0	0	0	97	212	79	181
1267	27150721400	219484	47006	316	422	0	0	0	0	97	212	79	182
1268	27215034360	219664	47045	317	423	0	0	0	0	97	212	79	182
1269	27279448800	219844	47084	317	423	0	0	0	0	97	212	79	182
1270	27343964800	220024	47123	317	423	0	0	0	0	97	212	79	182
1271	27408582440	220204	47162	317	424	0	0	0	0	97	212	79	182
1272	27473301800	220384	47201	318	424	0	0	0	0	97	213	79	182
1273	27538122960	220564	47240	318	424	0	0	0	0	97	213	79	182
1274	27603046000	220744	47279	318	425	0	0	0	0	98	213	79	183
1275	27668071000	220924	47318	318	425	0	0	0	0	98	213	79	183
1276	27733198040	221104	47357	319	425	0	0	0	0	98	213	79	183
1277	27798427200	221284	47396	319	426	0	0	0	0	98	213	79	183
1278	27863758560	221464	47435	319	426	0	0	0	0	98	214	79	183
1279	27929192200	221644	47474	319	426	0	0	0	0	98	214	79	183
1280	27994728200	221824	47513	320	427	0	0	0	0	98	214	80	183
1281	28060366640	222004	47552	320	427	0	0	0	0	98	214	80	184
1282	28126107600	222184	47591	320	427	0	0	0	0	98	214	80	184
1283	28191951160	222364	47630	320	428	0	0	0	0	98	214	80	184
1284	28257897400	222544	47669	321	428	0	0	0	0	98	215	80	184
1285	28323946400	222724	47708	321	428	0	0	0	0	98	215	80	184
1286	28390098240	222904	47747	321	429	0	0	0	0	98	215	80	184
1287	28456353000	223084	47786	321	429	0	0	0	0	99	215	80	184
1288	28522710760	223264	47825	322	429	0	0	0	0	99	215	80	185
1289	28589171600	223444	47864	322	430	0	0	0	0	99	215	80	185
1290	28655735600	223624	47903	322	430	0	0	0	0	99	216	80	185
1291	28722402840	223804	47942	322	430	0	0	0	0	99	216	80	185
1292	28789173400	223984	47981	323	431	0	0	0	0	99	216	80	185
1293	28856047360	224164	48020	323	431	0	0	0	0	99	216	80	185
1294	28923024800	224344	48059	323	431	0	0	0	0	99	216	80	185
1295	28990105800	224524	48098	323	432	0	0	0	0	99	216	80	186
1296	29057290440	224704	48137	324	432	0	0	0	0	99	217	81	186
1297	29124578800	224884	48176	324	432	0	0	0	0	99	217	81	186
1298	29191970960	225064	48215	324	433	0	0	0	0	99	217	81	186
1299	29259467000	225244	48254	324	433	0	0	0	0	99	217	81	186
1300	29327067000	225424	48293	325	433	0	0	0	0	100	217	81	186
1301	29394771040	225604	48332	325	434	0	0	0	0	100	217	81	186
1302	29462579200	225784	48371	325	434	0	0	0	0	100	218	81	187
1303	29530491560	225964	48410	325	434	0	0	0	0	100	218	81	187
1304	29598508200	226144	48449	326	435	0	0	0	0	100	218	81	187
1305	29666629200	226324	48488	326	435	0	0	0	0	100	218	81	187
1306	29734854640	226504	48527	326	435	0	0	0	0	100	218	81	187
1307	29803184600	226684	48566	326	436	0	0	0	0	100	218	81	187
1308	29871619160	226864	48605	327	436	0	0	0	0	100	219	81	187
1309	29940158400	227044	48644	327	436	0	0	0	0	100	219	81	188
1310	30008802400	227224	48683	327	437	0	0	0	0	100	219	81	188
1311	30077551240	227404	48722	327	437	0	0	0	0	100	219	81	188
1312	30146405000	227584	48761	328	437	0	0	0	0	100	219	82	188
1313	30215363760	227764	48800	328	438	0	0	0	0	101	219	82	188
1314	30284427600	227944	48839	328	438	0	0	0	0	101	220	82	188
1315	30353596600	228124	48878	328	438	0	0	0	0	101	220	82	188
1316	30422870840	228304	48917	329	439	0	0	0	0	101	220	82	189
1317	30492250400	228484	48956	329	439	0	0	0	0	101	220	82	189
1318	30561735360	228664	48995	329	439	0	0	0	0	101	220	82	189
1319	30631325800	228844	49034	329	440	0	0	0	0	101	220	82	189
1320	30701021800	229024	49073	330	440	0	0	0	0	101	221	82	189
1321	30770823440	229204	49112	330	440	0	0	0	0	101	221	82	189
1322	30840730800	229384	49151	330	441	0	0	0	0	101	221	82	189
1323	30910743960	229564	49190	330	441	0	0	0	0	101	221	82	190
1324	30980863000	229744	49229	331	441	0	0	0	0	101	221	82	190
1325	31051088000	229924	49268	331	442	0	0	0	0	101	221	82	190
1326	31121419040	230104	49307	331	442	0	0	0	0	102	222	82	190
1327	31191856200	230284	49346	331	442	0	0	0	0	102	222	82	190
1328	31262399560	230464	49385	332	443	0	0	0	0	102	222	83	190
1329	31333049200	230644	49424	332	443	0	0	0	0	102	222	83	190
1330	31403805200	230824	49463	332	443	0	0	0	0	102	222	83	191
1331	31474667640	231004	49502	332	444	0	0	0	0	102	222	83	191
1332	31545636600	231184	49541	333	444	0	0	0	0	102	223	83	191
1333	31616712160	231364	49580	333	444	0	0	0	0	102	223	83	191
1334	31687894400	231544	49619	333	445	0	0	0	0	102	223	83	191
1335	31759183400	231724	49658	333	445	0	0	0	0	102	223	83	191
1336	31830579240	231904	49697	334	445	0	0	0	0	102	223	83	191
1337	31902082000	232084	49736	334	446	0	0	0	0	102	223	83	192
1338	31973691760	232264	49775	334	446	0	0	0	0	102	224	83	192
1339	32045408600	232444	49814	334	446	0	0	0	0	103	224	83	192
1340	32117232600	232624	49853	335	447	0	0	0	0	103	224	83	192
1341	32189163840	232804	49892	335	447	0	0	0	0	103	224	83	192
1342	32261202400	232984	49931	335	447	0	0	0	0	103	224	83	192
1343	32333348360	233164	49970	335	448	0	0	0	0	103	224	83	192
1344	32405601800	233344	50009	336	448	0	0	0	0	103	225	84	193
1345	32477962800	233524	50048	336	448	0	0	0	0	103	225	84	193
1346	32550431440	233704	50087	336	449	0	0	0	0	103	225	84	193
1347	32623007800	233884	50126	336	449	0	0	0	0	103	225	84	193
1348	32695691960	234064	50165	337	449	0	0	0	0	103	225	84	193
1349	32768484000	234244	50204	337	450	0	0	0	0	103	225	84	193
1350	32841384000	234424	50243	337	450	0	0	0	0	103	226	84	193